47531.408394 0.259992 0.009822 -0.027076 0.997202 -0.003912 0.074657 -0.000324
47531.511905 0.326863 -0.008562 -0.041501 0.996298 0.044236 0.073714 -0.000079
47531.615536 0.397188 -0.029237 -0.058708 0.996370 0.044016 0.072834 0.002041
47531.719168 0.475101 -0.055406 -0.077192 0.996432 0.043652 0.072158 0.003397
47531.822796 0.556519 -0.088682 -0.096677 0.996484 0.043320 0.071595 0.004137
47531.926304 0.641552 -0.129742 -0.117381 0.996540 0.043000 0.070968 0.004814
47532.029935 0.725331 -0.182005 -0.137895 0.996597 0.042890 0.070164 0.005684
47532.133566 0.817464 -0.238633 -0.160663 0.996677 0.042121 0.069429 0.006338
47532.237205 0.913978 -0.308139 -0.186182 0.996699 0.041780 0.069307 0.006485
47532.340837 1.020430 -0.385021 -0.211766 0.996714 0.041133 0.069395 0.007290
47532.444469 1.129958 -0.479333 -0.232700 0.996650 0.041045 0.070227 0.008512
47532.548100 1.250856 -0.575724 -0.263316 0.996680 0.040636 0.070094 0.008010
47532.651649 1.378061 -0.683527 -0.294172 0.996667 0.039888 0.070644 0.008514
47532.755238 1.514406 -0.800230 -0.326308 0.996656 0.039585 0.070955 0.008644
47532.858886 1.656947 -0.931397 -0.355324 0.996663 0.040013 0.070807 0.006952
47532.962500 1.808348 -1.070722 -0.388413 0.996652 0.039809 0.071091 0.006857
47533.066129 1.987511 -1.227401 -0.415416 0.996561 0.040294 0.072162 0.005972
47533.169645 2.159586 -1.387334 -0.451842 0.996567 0.039960 0.072284 0.005676
47533.273272 2.334227 -1.559459 -0.484776 0.996537 0.040221 0.072604 0.004989
47533.376946 2.513881 -1.744679 -0.512972 0.996473 0.040832 0.073180 0.004461
47533.480528 2.700702 -1.937563 -0.541293 0.996426 0.040978 0.073768 0.003760
47533.584164 2.908615 -2.143018 -0.562256 0.996377 0.040870 0.074514 0.003185
47533.687792 3.126996 -2.360415 -0.582606 0.996267 0.041542 0.075639 0.002111
47533.791298 3.320090 -2.584983 -0.614728 0.996247 0.041812 0.075779 0.001445
47533.894930 3.514282 -2.819283 -0.647116 0.996197 0.042114 0.076270 0.000528
47533.998562 3.714731 -3.061768 -0.678383 0.996145 0.042294 0.076847 -0.000784
47534.102068 3.904546 -3.321505 -0.712365 0.996085 0.042846 0.077292 -0.002261
47534.205698 4.094585 -3.592652 -0.747522 0.996020 0.043048 0.077929 -0.004132
47534.309338 4.290817 -3.870148 -0.783858 0.996015 0.043027 0.077962 -0.004890
47534.412966 4.502368 -4.150680 -0.821520 0.996028 0.042675 0.077936 -0.005833
47534.516600 4.731431 -4.435153 -0.858974 0.996035 0.042463 0.077883 -0.006765
47534.620102 4.946050 -4.740522 -0.898102 0.996095 0.042409 0.077074 -0.007462
47534.723737 5.184357 -5.047472 -0.935548 0.996134 0.042046 0.076674 -0.008436
47534.827366 5.425851 -5.366328 -0.973446 0.996146 0.041359 0.076798 -0.009173
47534.930999 5.673029 -5.696586 -1.010284 0.996094 0.040961 0.077573 -0.010071
47535.034630 5.918535 -6.039781 -1.049028 0.996078 0.040364 0.078001 -0.010730
47535.138258 6.169087 -6.393210 -1.089194 0.996043 0.039785 0.078591 -0.011820
47535.241891 6.424429 -6.755332 -1.131516 0.996100 0.039037 0.078063 -0.012918
47535.345523 6.682314 -7.128624 -1.175087 0.996142 0.038231 0.077661 -0.014433
47535.449155 6.964426 -7.501421 -1.217405 0.996114 0.037128 0.078196 -0.016265
47535.552788 7.229935 -7.893107 -1.259368 0.996100 0.036417 0.078443 -0.017485
47535.656295 7.504252 -8.291621 -1.301075 0.996073 0.036025 0.078804 -0.018206
47535.759928 7.778191 -8.703538 -1.344126 0.996071 0.035743 0.078671 -0.019366
47535.863555 8.076752 -9.115944 -1.389218 0.996068 0.035083 0.078809 -0.020188
47535.967193 8.378410 -9.540559 -1.436169 0.996104 0.034443 0.078330 -0.021346
47536.070831 8.680241 -9.978310 -1.483726 0.996075 0.034340 0.078540 -0.022072
47536.174452 8.990752 -10.427025 -1.532288 0.996060 0.034074 0.078594 -0.022937
47536.277959 9.314119 -10.883187 -1.582278 0.995986 0.034528 0.079276 -0.023147
47536.381590 9.646579 -11.350162 -1.634541 0.996012 0.034268 0.078943 -0.023513
47536.485096 9.992433 -11.823261 -1.688802 0.996001 0.034248 0.079214 -0.023105
47536.588728 10.346794 -12.306285 -1.744670 0.996003 0.034283 0.079320 -0.022623
47536.692237 10.713483 -12.795089 -1.801346 0.995980 0.034163 0.079851 -0.021931
47536.795871 11.092249 -13.290851 -1.860085 0.996020 0.033797 0.079651 -0.021412
47536.899379 11.499722 -13.783840 -1.919304 0.996032 0.033697 0.079713 -0.020755
47537.003003 11.919928 -14.282903 -1.982007 0.996127 0.032852 0.078936 -0.020496
47537.106509 12.332628 -14.798542 -2.046634 0.996167 0.032595 0.078582 -0.020341
47537.210144 12.762803 -15.320831 -2.113055 0.996205 0.032564 0.078133 -0.020250
47537.313651 13.212037 -15.848724 -2.181375 0.996237 0.032577 0.077726 -0.020244
47537.417298 13.678203 -16.386077 -2.251336 0.996244 0.032431 0.077641 -0.020448
47537.520914 14.164509 -16.929725 -2.321653 0.996170 0.032668 0.078454 -0.020592
47537.624554 14.665377 -17.482718 -2.395669 0.996185 0.032194 0.078355 -0.020959
47537.728069 15.190652 -18.038440 -2.472208 0.996209 0.031843 0.078155 -0.021105
47537.831695 15.727751 -18.605914 -2.552217 0.996211 0.031688 0.078133 -0.021344
47537.935194 16.297916 -19.169990 -2.632925 0.996192 0.031485 0.078365 -0.021677
47538.038823 16.872903 -19.752484 -2.718050 0.996207 0.031188 0.078184 -0.022035
47538.142459 17.478403 -20.334157 -2.804232 0.996178 0.031138 0.078495 -0.022313
47538.245966 18.092830 -20.929171 -2.894080 0.996199 0.030543 0.078378 -0.022610
47538.349604 18.745400 -21.519587 -2.984808 0.996195 0.029848 0.078626 -0.022859
47538.453234 19.400581 -22.128886 -3.080304 0.996186 0.029559 0.078767 -0.023137
47538.556861 20.083455 -22.739580 -3.178016 0.996199 0.029347 0.078547 -0.023610
47538.660362 20.778375 -23.361779 -3.279109 0.996218 0.028947 0.078321 -0.024030
47538.763991 21.496154 -23.989065 -3.382251 0.996190 0.028412 0.078677 -0.024651
47538.867636 22.228574 -24.626012 -3.488003 0.996190 0.027949 0.078768 -0.024887
47538.971135 22.981655 -25.264764 -3.594252 0.996177 0.027507 0.078959 -0.025293
47539.074763 23.760265 -25.902232 -3.702231 0.996150 0.027011 0.079411 -0.025475
47539.178400 24.546919 -26.552366 -3.813353 0.996161 0.026438 0.079309 -0.025950
47539.281902 25.341961 -27.212995 -3.927018 0.996176 0.026022 0.079178 -0.026220
47539.385541 26.153151 -27.881188 -4.042766 0.996201 0.025734 0.078810 -0.026638
47539.489173 26.979000 -28.555585 -4.160188 0.996205 0.025338 0.078867 -0.026730
47539.592672 27.825523 -29.227891 -4.278540 0.996210 0.024952 0.078917 -0.026751
47539.696312 28.681742 -29.914009 -4.398795 0.996234 0.024687 0.078845 -0.026306
47539.799873 29.562092 -30.594449 -4.521007 0.996276 0.024112 0.078599 -0.025975
47539.903448 30.451643 -31.288536 -4.646517 0.996330 0.023405 0.078342 -0.025337
47540.006955 31.377072 -31.966928 -4.773086 0.996344 0.022801 0.078483 -0.024902
47540.110468 32.304949 -32.669346 -4.902332 0.996372 0.022513 0.078410 -0.024239
47540.214093 33.253919 -33.377669 -5.033913 0.996383 0.022430 0.078507 -0.023542
47540.317604 34.244480 -34.063968 -5.167596 0.996380 0.021989 0.078649 -0.023606
47540.421105 35.236007 -34.778637 -5.305631 0.996392 0.021695 0.078751 -0.023035
47540.524741 36.346447 -35.383606 -5.442637 0.996348 0.021286 0.079373 -0.023171
47540.628244 37.392458 -36.097856 -5.587950 0.996396 0.020961 0.078902 -0.023009
47540.731870 38.472138 -36.808186 -5.736798 0.996437 0.020799 0.078493 -0.022803
47540.835378 39.570378 -37.529742 -5.888837 0.996474 0.020564 0.078132 -0.022636
47540.939023 40.778573 -38.152593 -6.039496 0.996464 0.020126 0.078412 -0.022504
47541.042521 41.932557 -38.881217 -6.198329 0.996512 0.019621 0.077935 -0.022488
47541.146159 43.167751 -39.549597 -6.355930 0.996509 0.019414 0.078055 -0.022379
47541.249657 44.380990 -40.284425 -6.521527 0.996516 0.019464 0.077992 -0.022235
47541.353303 45.645781 -40.996989 -6.689238 0.996544 0.019066 0.077753 -0.022155
47541.456918 46.918875 -41.739922 -6.862622 0.996563 0.018989 0.077564 -0.022047
47541.560556 48.221262 -42.487516 -7.040069 0.996573 0.018742 0.077519 -0.021932
47541.664062 49.551078 -43.238124 -7.220998 0.996573 0.018198 0.077714 -0.021732
47541.767809 50.913368 -43.994347 -7.405862 0.996551 0.017636 0.078170 -0.021550
47541.871327 52.301370 -44.753672 -7.594496 0.996540 0.017265 0.078462 -0.021298
47541.974954 53.719343 -45.517564 -7.788237 0.996542 0.016726 0.078607 -0.021092
47542.078592 55.165829 -46.285703 -7.987025 0.996560 0.016393 0.078504 -0.020893
47542.182258 56.641750 -47.058369 -8.189785 0.996568 0.016234 0.078472 -0.020771
47542.285728 58.144189 -47.833467 -8.395860 0.996586 0.015747 0.078353 -0.020699
47542.389358 59.677695 -48.613992 -8.605374 0.996591 0.015820 0.078207 -0.020975
47542.492986 61.237797 -49.399141 -8.818047 0.996569 0.015355 0.078548 -0.021076
47542.596492 62.820983 -50.187534 -9.032549 0.996499 0.015058 0.079455 -0.021201
47542.700122 64.430081 -50.981245 -9.251175 0.996423 0.014916 0.080398 -0.021310
47542.803631 66.060273 -51.777904 -9.474414 0.996403 0.014656 0.080676 -0.021399
47542.907306 67.715617 -52.579752 -9.702640 0.996429 0.014380 0.080383 -0.021455
47543.010892 69.391932 -53.384978 -9.933620 0.996449 0.014490 0.080082 -0.021614
47543.114400 71.089704 -54.193384 -10.165624 0.996422 0.014522 0.080355 -0.021792
47543.218031 72.811690 -55.006524 -10.400005 0.996394 0.014338 0.080706 -0.021913
47543.321543 74.553520 -55.822448 -10.637318 0.996382 0.014539 0.080750 -0.022168
47543.425045 76.316915 -56.642295 -10.878558 0.996397 0.014664 0.080499 -0.022320
47543.528690 78.105138 -57.466602 -11.123038 0.996407 0.014708 0.080309 -0.022512
47543.632313 79.915597 -58.294910 -11.369467 0.996429 0.014982 0.079942 -0.022651
47543.735818 81.747100 -59.125829 -11.618706 0.996482 0.015225 0.079187 -0.022846
47543.839458 83.605036 -59.961173 -11.870637 0.996495 0.015434 0.078919 -0.023048
47543.943080 85.487101 -60.799654 -12.123863 0.996460 0.015240 0.079375 -0.023137
47544.046582 87.390782 -61.639700 -12.381379 0.996465 0.014883 0.079321 -0.023310
47544.150217 89.321361 -62.482925 -12.643522 0.996495 0.013853 0.079100 -0.023418
47544.253859 91.277584 -63.328779 -12.908435 0.996492 0.012547 0.079309 -0.023591
47544.357492 93.259242 -64.177723 -13.175436 0.996454 0.011246 0.079899 -0.023876
47544.460997 95.263603 -65.029538 -13.446392 0.996430 0.010127 0.080235 -0.024221
47544.564630 97.295679 -65.886457 -13.722496 0.996445 0.009202 0.080010 -0.024729
47544.668261 99.353410 -66.747999 -14.002841 0.996476 0.008628 0.079517 -0.025277
47544.771882 101.437723 -67.614182 -14.285797 0.996464 0.008306 0.079529 -0.025792
47544.875513 103.549104 -68.485288 -14.570325 0.996391 0.008492 0.080227 -0.026401
47544.979143 105.685524 -69.360834 -14.858586 0.996307 0.008861 0.081034 -0.026967
47545.082797 107.845095 -70.240707 -15.151269 0.996254 0.009476 0.081452 -0.027442
47545.186412 110.024800 -71.124034 -15.447828 0.996238 0.010389 0.081382 -0.027897
47545.289919 112.222806 -72.009613 -15.746477 0.996195 0.011047 0.081706 -0.028259
47545.393577 114.443898 -72.898946 -16.046370 0.996084 0.011382 0.082877 -0.028625
47545.497182 116.682204 -73.789933 -16.350357 0.996050 0.011218 0.083189 -0.028932
47545.600697 118.936493 -74.681479 -16.659964 0.996156 0.010544 0.081882 -0.029267
47545.704192 121.210065 -75.574767 -16.970978 0.996275 0.009488 0.080458 -0.029548
47545.807828 123.507648 -76.471586 -17.280093 0.996309 0.008369 0.080033 -0.029870
47545.911333 125.823060 -77.370308 -17.587894 0.996259 0.007464 0.080647 -0.030155
47546.014960 128.161295 -78.272632 -17.898159 0.996167 0.006520 0.081718 -0.030508
47546.118490 130.516804 -79.177374 -18.213625 0.996108 0.006136 0.082321 -0.030890
47546.222107 132.894321 -80.085752 -18.534753 0.996088 0.005765 0.082444 -0.031280
47546.325735 135.293051 -80.996869 -18.859897 0.996098 0.005419 0.082197 -0.031662
47546.429270 137.711487 -81.909767 -19.187760 0.996105 0.005059 0.082004 -0.032011
47546.532870 140.153460 -82.825777 -19.517729 0.996116 0.004793 0.081741 -0.032380
47546.636502 142.617151 -83.744649 -19.850310 0.996169 0.004610 0.080941 -0.032787
47546.740133 145.102498 -84.666612 -20.184100 0.996224 0.004817 0.080075 -0.033200
47546.843763 147.610680 -85.591336 -20.517919 0.996229 0.005076 0.079855 -0.033551
47546.947404 150.142174 -86.518343 -20.852565 0.996183 0.005326 0.080234 -0.033971
47547.050902 152.692948 -87.446311 -21.189578 0.996109 0.005522 0.080941 -0.034426
47547.154534 155.269338 -88.377408 -21.531861 0.996044 0.005478 0.081559 -0.034836
47547.258053 157.864639 -89.310080 -21.878744 0.995997 0.005623 0.081943 -0.035252
47547.361675 160.484067 -90.245563 -22.230050 0.995936 0.005395 0.082537 -0.035638
47547.465178 163.121695 -91.181906 -22.584383 0.995864 0.005317 0.083179 -0.036158
47547.568687 165.780257 -92.120126 -22.943412 0.995830 0.004807 0.083284 -0.036927
47547.672322 168.463218 -93.061898 -23.307151 0.995830 0.003941 0.082879 -0.037930
47547.775827 171.165028 -94.006347 -23.672652 0.995788 0.003427 0.082870 -0.039067
47547.879469 173.892758 -94.956101 -24.040196 0.995704 0.002658 0.083383 -0.040173
47547.982963 176.637587 -95.908759 -24.411599 0.995701 0.002327 0.082852 -0.041345
47548.086471 179.404557 -96.865915 -24.786513 0.995710 0.001912 0.082183 -0.042473
47548.190104 182.198413 -97.828047 -25.161487 0.995593 0.001483 0.083010 -0.043619
47548.293612 185.010980 -98.792884 -25.540146 0.995461 0.001121 0.083961 -0.044800
47548.397115 187.844501 -99.761510 -25.924533 0.995403 0.000675 0.084057 -0.045901
47548.500748 190.703279 -100.735592 -26.313182 0.995392 0.000443 0.083647 -0.046889
47548.604256 193.581300 -101.712385 -26.702665 0.995348 0.000541 0.083704 -0.047710
47548.707762 196.481815 -102.692328 -27.093934 0.995284 0.000663 0.084075 -0.048390
47548.811266 199.404186 -103.674540 -27.489174 0.995253 0.000637 0.084081 -0.048996
47548.914904 202.352685 -104.660094 -27.888542 0.995237 0.000690 0.083942 -0.049555
47549.018406 205.319856 -105.645997 -28.289871 0.995220 0.000602 0.083815 -0.050126
47549.121917 208.309636 -106.633938 -28.693557 0.995194 0.000606 0.083777 -0.050700
47549.225548 211.325067 -107.624952 -29.099870 0.995157 0.000590 0.083878 -0.051250
47549.329057 214.359129 -108.616538 -29.508793 0.995123 0.000491 0.083951 -0.051781
47549.432556 217.415325 -109.609308 -29.920601 0.995058 0.000269 0.084374 -0.052356
47549.536189 220.497466 -110.604382 -30.336710 0.995006 -0.000300 0.084638 -0.052913
47549.639703 223.597289 -111.600093 -30.756269 0.995028 -0.000485 0.083999 -0.053515
47549.743209 226.718566 -112.597760 -31.177996 0.995082 -0.000630 0.082997 -0.054064
47549.846714 229.862212 -113.597758 -31.598652 0.995055 -0.000196 0.082934 -0.054662
47549.950342 233.030996 -114.600756 -32.020425 0.994968 0.000267 0.083581 -0.055256
47550.053852 236.216171 -115.603994 -32.445634 0.994899 0.000762 0.084031 -0.055803
47550.157515 239.425685 -116.609362 -32.875309 0.994841 0.000967 0.084402 -0.056283
47550.261016 242.649550 -117.613391 -33.307579 0.994790 0.000967 0.084704 -0.056726
47550.364630 245.895697 -118.618720 -33.743327 0.994756 0.000863 0.084843 -0.057111
47550.468257 249.160422 -119.624655 -34.181508 0.994762 0.000993 0.084518 -0.057489
47550.571789 252.440377 -120.630437 -34.620574 0.994761 0.001639 0.084233 -0.057900
47550.675389 255.741722 -121.637541 -35.059224 0.994586 0.002648 0.085970 -0.058311
47550.778900 259.056873 -122.643117 -35.501878 0.994366 0.002756 0.088311 -0.058569
47550.882546 262.389215 -123.647355 -35.957736 0.994413 0.001875 0.087625 -0.058829
47550.986039 265.732445 -124.646775 -36.415400 0.994517 -0.000208 0.086223 -0.059181
47551.089710 269.099351 -125.647189 -36.868986 0.994487 -0.002261 0.086323 -0.059493
47551.193182 272.476581 -126.646905 -37.320226 0.994349 -0.003338 0.087633 -0.059824
47551.296799 275.873363 -127.648446 -37.777041 0.994217 -0.004130 0.088718 -0.060363
47551.400438 279.285196 -128.650212 -38.239078 0.994133 -0.004768 0.089065 -0.061192
47551.503944 282.707029 -129.651482 -38.703712 0.994092 -0.005521 0.088846 -0.062103
47551.607578 286.147835 -130.655696 -39.169740 0.994065 -0.005893 0.088518 -0.062968
47551.711083 289.599273 -131.660114 -39.635380 0.994040 -0.005832 0.088275 -0.063702
47551.814595 293.065964 -132.665089 -40.101428 0.994001 -0.005624 0.088375 -0.064192
47551.918104 296.547460 -133.669446 -40.568871 0.993965 -0.005447 0.088669 -0.064361
47552.021734 300.047840 -134.673028 -41.039651 0.993958 -0.005475 0.088698 -0.064427
47552.125227 303.559141 -135.672791 -41.512116 0.993962 -0.005790 0.088618 -0.064442
47552.228866 307.091698 -136.671827 -41.986975 0.993956 -0.006104 0.088601 -0.064534
47552.332375 310.636662 -137.667838 -42.463238 0.993945 -0.006488 0.088581 -0.064684
47552.436006 314.202985 -138.663585 -42.942181 0.993928 -0.006786 0.088534 -0.064990
47552.539638 317.786786 -139.658171 -43.423314 0.993907 -0.007220 0.088452 -0.065369
47552.643136 321.383876 -140.650478 -43.905851 0.993871 -0.007674 0.088502 -0.065799
47552.746771 325.003824 -141.643251 -44.391075 0.993825 -0.008049 0.088652 -0.066241
47552.850284 328.637607 -142.634143 -44.878139 0.993778 -0.008415 0.088803 -0.066693
47552.958343 332.450139 -143.668061 -45.389456 0.993747 -0.008467 0.088770 -0.067198
47553.057424 335.963162 -144.615570 -45.860719 0.993728 -0.008467 0.088640 -0.067650
47553.161049 339.655120 -145.605808 -46.355732 0.993717 -0.008320 0.088414 -0.068121
47553.264681 343.365994 -146.594891 -46.852363 0.993684 -0.008401 0.088421 -0.068583
47553.368317 347.095416 -147.582507 -47.350614 0.993629 -0.008729 0.088669 -0.069012
47553.471988 350.843493 -148.568581 -47.851626 0.993594 -0.009273 0.088648 -0.069469
47553.575585 354.605906 -149.552287 -48.354087 0.993548 -0.009811 0.088721 -0.069965
47553.679081 358.381239 -150.533930 -48.857245 0.993481 -0.010161 0.088993 -0.070519
47553.782725 362.178026 -151.516000 -49.363031 0.993413 -0.010383 0.089327 -0.071012
47553.886350 365.989981 -152.496619 -49.870851 0.993339 -0.010545 0.089762 -0.071481
47553.989977 369.817369 -153.475217 -50.381598 0.993275 -0.011020 0.090062 -0.071912
47554.093608 373.660435 -154.451650 -50.894709 0.993208 -0.011563 0.090371 -0.072372
