1403638523.627830 0.023007 -0.028225 0.168735 -0.053288 0.822724 0.041825 0.564391
1403638523.727829 0.018253 -0.031130 0.106516 -0.048763 0.829397 0.045227 0.554687
1403638523.827830 0.010279 -0.036800 0.043163 -0.046518 0.831501 0.047879 0.551498
1403638523.927830 0.001732 -0.047536 -0.007445 -0.040299 0.830756 0.052765 0.552663
1403638524.027829 -0.005409 -0.051700 -0.036947 -0.031760 0.831901 0.060666 0.550683
1403638524.127830 -0.007453 -0.056733 -0.037729 -0.028402 0.836044 0.068870 0.543581
1403638524.227829 -0.011092 -0.058589 0.001508 -0.033430 0.839096 0.072008 0.538159
1403638524.327830 -0.009019 -0.059000 0.050514 -0.041628 0.837955 0.071467 0.539436
1403638524.427830 -0.003250 -0.058032 0.108640 -0.050412 0.833436 0.068905 0.545981
1403638524.527829 0.004046 -0.056488 0.169970 -0.055717 0.825339 0.067676 0.557791
1403638524.627830 0.012678 -0.053726 0.228419 -0.056197 0.817518 0.063708 0.569603
1403638524.727829 0.020884 -0.049271 0.277127 -0.047037 0.812763 0.058216 0.577767
1403638524.827830 0.026626 -0.044482 0.311613 -0.034513 0.810354 0.053037 0.582514
1403638524.927830 0.030182 -0.039939 0.331466 -0.038569 0.809265 0.052952 0.583780
1403638525.027829 0.031335 -0.037265 0.331820 -0.042962 0.807008 0.056310 0.586277
1403638525.127830 0.032302 -0.035391 0.309124 -0.038704 0.804595 0.060132 0.589502
1403638525.227829 0.031067 -0.037672 0.269055 -0.037555 0.804726 0.065217 0.588857
1403638525.327830 0.029223 -0.038526 0.218480 -0.038414 0.810481 0.070239 0.580268
1403638525.427830 0.025717 -0.038379 0.165346 -0.043269 0.821650 0.073925 0.563519
1403638525.527829 0.021115 -0.039160 0.115843 -0.052007 0.833069 0.074914 0.545600
1403638525.627830 0.016794 -0.039795 0.072726 -0.055192 0.839042 0.073163 0.536292
1403638525.727829 0.017173 -0.044381 0.038344 -0.053656 0.839766 0.069088 0.535856
1403638525.827830 0.017231 -0.043886 0.011940 -0.049246 0.836974 0.063074 0.541360
1403638525.927830 0.014970 -0.047421 -0.004449 -0.040350 0.834048 0.060176 0.546913
1403638526.027829 0.012875 -0.060806 -0.012537 -0.034080 0.834329 0.059794 0.546954
1403638526.127830 0.009334 -0.085931 -0.013257 -0.031170 0.837000 0.053422 0.543695
1403638526.227829 0.007210 -0.119307 -0.002630 -0.028866 0.838269 0.043979 0.542713
1403638526.327830 0.003001 -0.158120 0.011789 -0.025855 0.835643 0.035337 0.547525
1403638526.427830 -0.003063 -0.201945 0.025993 -0.023658 0.831057 0.025641 0.555091
1403638526.527829 -0.011659 -0.250360 0.037147 -0.022907 0.826217 0.013859 0.562715
1403638526.627830 -0.021125 -0.305449 0.045451 -0.020575 0.820923 0.004153 0.570652
1403638526.727829 -0.032492 -0.367293 0.051782 -0.015174 0.817038 -0.003115 0.576375
1403638526.827830 -0.045383 -0.433365 0.056398 -0.004720 0.814938 -0.006840 0.579488
1403638526.927830 -0.059871 -0.497393 0.059796 -0.000063 0.816232 -0.010879 0.577622
1403638527.027829 -0.073405 -0.557962 0.063366 0.006053 0.820767 -0.020576 0.570860
1403638527.127830 -0.084874 -0.613519 0.068210 0.014333 0.824685 -0.035453 0.564299
1403638527.227829 -0.092896 -0.660520 0.074743 0.023077 0.824377 -0.050122 0.563345
1403638527.327830 -0.096942 -0.693065 0.082384 0.037666 0.820096 -0.061806 0.567629
1403638527.427830 -0.095001 -0.705758 0.088481 0.051542 0.815480 -0.068185 0.572439
1403638527.527829 -0.089735 -0.696826 0.091546 0.057952 0.813486 -0.070877 0.574333
1403638527.627830 -0.078963 -0.665068 0.091293 0.058347 0.813712 -0.070241 0.574052
1403638527.727829 -0.067628 -0.619522 0.090488 0.055086 0.814318 -0.063759 0.574271
1403638527.827830 -0.055141 -0.566914 0.091483 0.045366 0.816772 -0.057889 0.572253
1403638527.927830 -0.043636 -0.509972 0.096518 0.031219 0.819177 -0.053330 0.570202
1403638528.027829 -0.028599 -0.451277 0.100096 0.024947 0.818500 -0.047159 0.572024
1403638528.127830 -0.012128 -0.391890 0.099681 0.015896 0.817637 -0.039063 0.574187
1403638528.227829 0.007541 -0.337668 0.095185 0.004777 0.818770 -0.029259 0.573355
1403638528.327830 0.034434 -0.292073 0.089317 -0.006462 0.819451 -0.018785 0.572805
1403638528.427830 0.066312 -0.258125 0.082187 -0.008945 0.817975 -0.013074 0.575036
1403638528.527829 0.101485 -0.234865 0.077055 -0.007443 0.818683 -0.012804 0.574055
1403638528.627830 0.136617 -0.212444 0.074553 -0.013981 0.821182 -0.016127 0.570267
1403638528.727829 0.171037 -0.197670 0.075716 -0.014983 0.821570 -0.019941 0.569562
1403638528.827830 0.193423 -0.189323 0.080607 -0.013109 0.820643 -0.026063 0.570696
1403638528.927830 0.200078 -0.183073 0.090476 -0.019281 0.819999 -0.033983 0.571030
1403638529.027829 0.190662 -0.173869 0.105819 -0.024543 0.820726 -0.038386 0.569502
1403638529.127830 0.166595 -0.162351 0.120810 -0.013777 0.821445 -0.035029 0.569044
1403638529.227829 0.136124 -0.144712 0.124714 0.000412 0.822923 -0.026905 0.567515
1403638529.327830 0.099405 -0.127998 0.119080 0.008353 0.826060 -0.021691 0.563103
1403638529.427830 0.064326 -0.111288 0.102055 0.010502 0.833572 -0.017725 0.552027
1403638529.527829 0.036872 -0.098464 0.080198 0.007298 0.844666 -0.015480 0.535020
1403638529.627830 0.014593 -0.088067 0.052918 0.008526 0.851934 -0.011772 0.523448
1403638529.727829 -0.001625 -0.081503 0.026839 0.008183 0.851922 -0.009657 0.523516
1403638529.827830 -0.007862 -0.073011 0.005957 0.006684 0.845973 -0.010762 0.533076
1403638529.927830 -0.016199 -0.065136 -0.015736 0.006455 0.840985 -0.011450 0.540898
1403638530.027829 -0.015374 -0.059920 -0.030896 0.007133 0.840603 -0.011961 0.541472
1403638530.127830 -0.004923 -0.058286 -0.041522 0.007705 0.842821 -0.014330 0.537949
1403638530.227829 0.009636 -0.058357 -0.051588 0.010202 0.843547 -0.020322 0.536574
1403638530.327830 0.023973 -0.060000 -0.061865 0.011541 0.843021 -0.026540 0.537102
1403638530.427830 0.036931 -0.062985 -0.070871 0.015043 0.842571 -0.030715 0.537497
1403638530.527829 0.047161 -0.066387 -0.077473 0.012813 0.842490 -0.034738 0.537438
1403638530.627830 0.053229 -0.070130 -0.082637 0.014716 0.843784 -0.037284 0.535185
1403638530.727829 0.056819 -0.072469 -0.087912 0.015267 0.847653 -0.039410 0.528864
1403638530.827830 0.059384 -0.074253 -0.093134 0.015397 0.849716 -0.039982 0.525497
1403638530.927830 0.061190 -0.074957 -0.096798 0.013014 0.848806 -0.039396 0.527075
1403638531.027829 0.062125 -0.074741 -0.099694 0.011368 0.846083 -0.039221 0.531486
1403638531.127830 0.061279 -0.073616 -0.099795 0.013663 0.842432 -0.038046 0.537284
1403638531.227829 0.061762 -0.072415 -0.100516 0.016075 0.842157 -0.035512 0.537822
1403638531.327830 0.061644 -0.071104 -0.101276 0.016760 0.838592 -0.035902 0.543317
1403638531.427830 0.061690 -0.071273 -0.101424 0.017580 0.839392 -0.035370 0.542089
1403638531.527829 0.061328 -0.071352 -0.101360 0.017059 0.838622 -0.035907 0.543261
1403638531.627830 0.061263 -0.071440 -0.101440 0.017598 0.838743 -0.034899 0.543124
1403638531.727829 0.061246 -0.071412 -0.101522 0.017608 0.838915 -0.035426 0.542822
1403638531.827830 0.061299 -0.071404 -0.101571 0.017587 0.838908 -0.035575 0.542825
1403638531.927830 0.061304 -0.071362 -0.101610 0.017485 0.838878 -0.035781 0.542861
1403638532.027829 0.061317 -0.071323 -0.101668 0.017393 0.838858 -0.035935 0.542885
1403638532.127830 0.061366 -0.071336 -0.101690 0.017389 0.838849 -0.036033 0.542892
1403638532.227829 0.061316 -0.071360 -0.101707 0.017601 0.838888 -0.035933 0.542831
1403638532.327830 0.061342 -0.071402 -0.101720 0.017719 0.838862 -0.035922 0.542868
1403638532.427830 0.061328 -0.071441 -0.101732 0.017777 0.838871 -0.035887 0.542855
1403638532.527829 0.061328 -0.071456 -0.101748 0.017796 0.838871 -0.035947 0.542851
1403638532.627830 0.061339 -0.071465 -0.101779 0.017792 0.838878 -0.036004 0.542835
1403638532.727829 0.061327 -0.071452 -0.101802 0.017780 0.838856 -0.036055 0.542868
1403638532.827830 0.061347 -0.071452 -0.101802 0.017764 0.838849 -0.036110 0.542875
1403638532.927830 0.061321 -0.071453 -0.101813 0.017845 0.838846 -0.036087 0.542878
1403638533.027829 0.061328 -0.071475 -0.101815 0.017890 0.838825 -0.036126 0.542906
1403638533.127830 0.061316 -0.071489 -0.101821 0.017903 0.838827 -0.036155 0.542901
1403638533.227829 0.061310 -0.071498 -0.101845 0.017927 0.838810 -0.036188 0.542925
1403638533.327830 0.061321 -0.071498 -0.101848 0.017977 0.838789 -0.036208 0.542954
1403638533.427830 0.061304 -0.071504 -0.101873 0.017924 0.838783 -0.036244 0.542963
1403638533.527829 0.061311 -0.071509 -0.101870 0.017961 0.838763 -0.036261 0.542991
1403638533.627830 0.061317 -0.071533 -0.101869 0.018024 0.838751 -0.036245 0.543008
1403638533.727829 0.061290 -0.071531 -0.101875 0.018082 0.838766 -0.036279 0.542981
1403638533.827830 0.061299 -0.071546 -0.101883 0.018043 0.838712 -0.036342 0.543062
1403638533.927830 0.061293 -0.071572 -0.101869 0.018010 0.838745 -0.036233 0.543019
1403638534.027829 0.061281 -0.071568 -0.101879 0.018116 0.838705 -0.036402 0.543066
1403638534.127830 0.061248 -0.071575 -0.101835 0.018226 0.838745 -0.036542 0.542992
1403638534.227829 0.061234 -0.071565 -0.101822 0.018076 0.838730 -0.036573 0.543018
1403638534.327830 0.061284 -0.071540 -0.101801 0.017882 0.838769 -0.036513 0.542967
1403638534.427830 0.061296 -0.071527 -0.101814 0.017845 0.838821 -0.036542 0.542886
1403638534.527829 0.061286 -0.071579 -0.101776 0.018143 0.838829 -0.036834 0.542844
1403638534.627830 0.061269 -0.071555 -0.101725 0.017999 0.838864 -0.036460 0.542820
1403638534.727829 0.061296 -0.071553 -0.101729 0.017859 0.838856 -0.036236 0.542852
1403638534.827830 0.061290 -0.071556 -0.101726 0.017955 0.838816 -0.036316 0.542906
1403638534.927830 0.061270 -0.071597 -0.101729 0.018233 0.838810 -0.036503 0.542893
1403638535.027829 0.061271 -0.071630 -0.101708 0.018172 0.838817 -0.036462 0.542887
1403638535.127830 0.061269 -0.071628 -0.101690 0.018177 0.838834 -0.036413 0.542863
1403638535.227829 0.061272 -0.071638 -0.101704 0.018118 0.838801 -0.036423 0.542915
1403638535.327830 0.061261 -0.071638 -0.101690 0.018119 0.838805 -0.036443 0.542909
1403638535.427830 0.061264 -0.071611 -0.101670 0.018169 0.838787 -0.036384 0.542939
1403638535.527829 0.061276 -0.071605 -0.101667 0.018139 0.838758 -0.036427 0.542981
1403638535.627830 0.061285 -0.071594 -0.101668 0.018126 0.838758 -0.036367 0.542986
1403638535.727829 0.061285 -0.071599 -0.101660 0.018126 0.838737 -0.036402 0.543015
1403638535.827830 0.061282 -0.071597 -0.101651 0.018051 0.838717 -0.036361 0.543053
1403638535.927830 0.061270 -0.071580 -0.101652 0.018009 0.838713 -0.036370 0.543060
1403638536.027829 0.061280 -0.071588 -0.101644 0.017938 0.838702 -0.036352 0.543079
1403638536.127830 0.061284 -0.071581 -0.101639 0.017930 0.838693 -0.036371 0.543093
1403638536.227829 0.061302 -0.071588 -0.101619 0.017894 0.838672 -0.036370 0.543126
1403638536.327830 0.061301 -0.071579 -0.101636 0.017846 0.838592 -0.036324 0.543254
1403638536.427830 0.061302 -0.071566 -0.101637 0.017868 0.838571 -0.036351 0.543285
1403638536.527829 0.061298 -0.071568 -0.101612 0.017812 0.838571 -0.036286 0.543290
1403638536.627830 0.061292 -0.071544 -0.101614 0.017796 0.838515 -0.036347 0.543373
1403638536.727829 0.061298 -0.071549 -0.101609 0.017832 0.838489 -0.036254 0.543419
1403638536.827830 0.061299 -0.071560 -0.101610 0.017798 0.838460 -0.036272 0.543464
1403638536.927830 0.061293 -0.071572 -0.101604 0.017773 0.838425 -0.036255 0.543520
1403638537.027829 0.061306 -0.071565 -0.101577 0.017758 0.838434 -0.036213 0.543508
1403638537.127830 0.061323 -0.071531 -0.101573 0.017840 0.838391 -0.036130 0.543577
1403638537.227829 0.061329 -0.071508 -0.101557 0.017828 0.838387 -0.036184 0.543581
1403638537.327830 0.061332 -0.071496 -0.101550 0.017781 0.838338 -0.036163 0.543659
1403638537.427830 0.061341 -0.071484 -0.101549 0.017715 0.838308 -0.036110 0.543711
1403638537.527829 0.061351 -0.071459 -0.101523 0.017731 0.838301 -0.036039 0.543727
1403638537.627830 0.061360 -0.071437 -0.101478 0.017799 0.838289 -0.035905 0.543752
1403638537.727829 0.061363 -0.071470 -0.101457 0.017821 0.838323 -0.035923 0.543698
1403638537.827830 0.061358 -0.071439 -0.101435 0.017787 0.838285 -0.035915 0.543757
1403638537.927830 0.061382 -0.071434 -0.101444 0.017753 0.838218 -0.035883 0.543864
1403638538.027829 0.061381 -0.071444 -0.101382 0.017762 0.838282 -0.035895 0.543764
1403638538.127830 0.061377 -0.071424 -0.101364 0.017834 0.838179 -0.035824 0.543925
1403638538.227829 0.061394 -0.071400 -0.101374 0.017801 0.838154 -0.035820 0.543966
1403638538.327830 0.061383 -0.071396 -0.101376 0.017761 0.838133 -0.035706 0.544006
1403638538.427830 0.061457 -0.071343 -0.101301 0.017776 0.838013 -0.035719 0.544189
1403638538.527829 0.061426 -0.071367 -0.101206 0.017725 0.838003 -0.035744 0.544205
1403638538.627830 0.061377 -0.071388 -0.101107 0.017860 0.837811 -0.035811 0.544492
1403638538.727829 0.061349 -0.071429 -0.100974 0.017906 0.837467 -0.035695 0.545026
1403638538.827830 0.062131 -0.071194 -0.100819 0.017354 0.836900 -0.035167 0.545949
1403638538.927830 0.064338 -0.070673 -0.099257 0.017264 0.833972 -0.034384 0.550464
1403638539.027829 0.067494 -0.070160 -0.095961 0.018253 0.829394 -0.035210 0.557254
1403638539.127830 0.073495 -0.070058 -0.090284 0.017782 0.822814 -0.036789 0.566840
1403638539.227829 0.081403 -0.069465 -0.078509 0.017434 0.818014 -0.036300 0.573788
1403638539.327830 0.089872 -0.069083 -0.059326 0.016899 0.817073 -0.036028 0.575159
1403638539.427830 0.098407 -0.069030 -0.032943 0.016887 0.818640 -0.034901 0.572997
1403638539.527829 0.107765 -0.069467 -0.001764 0.016599 0.820585 -0.033679 0.570290
1403638539.627830 0.116141 -0.070062 0.030391 0.015735 0.821217 -0.032730 0.569460
1403638539.727829 0.125053 -0.070136 0.052826 0.015146 0.821822 -0.031726 0.568658
1403638539.827830 0.135201 -0.070147 0.064362 0.015008 0.823395 -0.030343 0.566459
1403638539.927830 0.147554 -0.069805 0.072389 0.013834 0.827219 -0.029566 0.560930
1403638540.027829 0.163151 -0.069677 0.080097 0.012681 0.832627 -0.029849 0.552884
1403638540.127830 0.183969 -0.069528 0.086754 0.012657 0.838466 -0.029508 0.544008
1403638540.227829 0.215213 -0.067808 0.095670 0.013184 0.838359 -0.028251 0.544227
1403638540.327830 0.253183 -0.067492 0.105393 0.013616 0.832184 -0.027387 0.553655
1403638540.427830 0.293261 -0.066517 0.113325 0.012673 0.827513 -0.023584 0.560807
1403638540.527829 0.339074 -0.064577 0.117571 0.007183 0.826816 -0.015015 0.562226
1403638540.627830 0.387120 -0.061757 0.120924 -0.001674 0.826601 -0.001052 0.562784
1403638540.727829 0.435795 -0.056722 0.126209 -0.008803 0.825142 0.020343 0.564491
1403638540.827830 0.485430 -0.050250 0.128950 -0.017879 0.823680 0.046739 0.564843
1403638540.927830 0.535491 -0.038731 0.130223 -0.029659 0.821797 0.074863 0.564062
1403638541.027829 0.586017 -0.022263 0.129269 -0.044649 0.819318 0.097415 0.563236
1403638541.127830 0.637443 -0.002181 0.127451 -0.056970 0.816456 0.113663 0.563235
1403638541.227829 0.689324 0.021408 0.120511 -0.064560 0.815180 0.124646 0.561940
1403638541.327830 0.741187 0.049159 0.117372 -0.068529 0.814377 0.130534 0.561297
1403638541.427830 0.791808 0.082440 0.120279 -0.070933 0.814423 0.131699 0.560660
1403638541.527829 0.840605 0.120174 0.128236 -0.069730 0.813249 0.132393 0.562349
1403638541.627830 0.890774 0.164681 0.144749 -0.070759 0.811647 0.134540 0.564022
1403638541.727829 0.940637 0.214639 0.166588 -0.077968 0.809671 0.138762 0.564889
1403638541.827830 0.988980 0.268491 0.197845 -0.090181 0.808409 0.145073 0.563291
1403638541.927830 1.033632 0.325992 0.230446 -0.101802 0.806905 0.156507 0.560398
1403638542.027829 1.076368 0.385015 0.257200 -0.114762 0.804615 0.172011 0.556630
1403638542.127830 1.118517 0.444003 0.277780 -0.128072 0.801087 0.190992 0.552612
1403638542.227829 1.158454 0.504552 0.293389 -0.143974 0.796493 0.211748 0.547753
1403638542.327830 1.198327 0.566918 0.301137 -0.158287 0.790510 0.235078 0.542933
1403638542.427830 1.239692 0.628421 0.311568 -0.168645 0.778719 0.255242 0.547730
1403638542.527829 1.279796 0.690526 0.316602 -0.169709 0.764742 0.274028 0.557922
1403638542.627830 1.315268 0.755131 0.320059 -0.167152 0.756072 0.288368 0.563258
1403638542.727829 1.343030 0.822733 0.328011 -0.170946 0.756415 0.292612 0.559456
1403638542.827830 1.363393 0.893874 0.343555 -0.179929 0.761149 0.289744 0.551658
1403638542.927830 1.377876 0.966638 0.365568 -0.185511 0.766877 0.286421 0.543552
1403638543.027829 1.388442 1.039812 0.394090 -0.188138 0.771138 0.283595 0.538075
1403638543.127830 1.397460 1.114922 0.420083 -0.189597 0.773691 0.280184 0.535679
1403638543.227829 1.408293 1.190116 0.442659 -0.188596 0.774778 0.278402 0.535391
1403638543.327830 1.420672 1.268280 0.456178 -0.187923 0.775797 0.275601 0.535600
1403638543.427830 1.440485 1.354527 0.466338 -0.186906 0.776388 0.275660 0.535070
1403638543.527829 1.452521 1.433886 0.476101 -0.190647 0.774530 0.282709 0.532760
1403638543.627830 1.463415 1.518014 0.478455 -0.195235 0.769774 0.297784 0.529769
1403638543.727829 1.472785 1.601832 0.484208 -0.204344 0.762487 0.316877 0.525782
1403638543.827830 1.481703 1.688300 0.494020 -0.213995 0.752224 0.339577 0.522544
1403638543.927830 1.494138 1.779669 0.510530 -0.227048 0.742805 0.359174 0.517382
1403638544.027829 1.503268 1.865216 0.532125 -0.241541 0.736088 0.373417 0.510287
1403638544.127830 1.512710 1.950639 0.554486 -0.252996 0.732514 0.382583 0.503037
1403638544.227829 1.522937 2.041331 0.574548 -0.262353 0.729612 0.386803 0.499220
1403638544.327830 1.533995 2.128440 0.587216 -0.266662 0.727851 0.389934 0.497068
1403638544.427830 1.545780 2.218231 0.595127 -0.267646 0.728438 0.391120 0.494742
1403638544.527829 1.559016 2.309210 0.601889 -0.266750 0.727683 0.391149 0.496311
1403638544.627830 1.572706 2.403766 0.610211 -0.271182 0.722377 0.390359 0.502247
1403638544.727829 1.586997 2.498128 0.624906 -0.274781 0.717911 0.390344 0.506686
1403638544.827830 1.599819 2.589421 0.643224 -0.273576 0.719618 0.392321 0.503379
1403638544.927830 1.610611 2.683094 0.656801 -0.272315 0.722437 0.393787 0.498860
1403638545.027829 1.624377 2.773489 0.662795 -0.273659 0.721859 0.393975 0.498812
1403638545.127830 1.635192 2.860500 0.665014 -0.274730 0.720727 0.394284 0.499617
1403638545.227829 1.648717 2.948556 0.658594 -0.273461 0.720985 0.395989 0.498590
1403638545.327830 1.662270 3.036121 0.647817 -0.274049 0.718893 0.396390 0.500964
1403638545.427830 1.675250 3.122795 0.631033 -0.276023 0.717890 0.395558 0.501975
1403638545.527829 1.686376 3.208974 0.613701 -0.279031 0.716476 0.399049 0.499563
1403638545.627830 1.698643 3.300549 0.613721 -0.286043 0.712788 0.407915 0.493678
1403638545.727829 1.710475 3.387213 0.609373 -0.294157 0.706204 0.421902 0.486565
1403638545.827830 1.723924 3.470898 0.615284 -0.304244 0.695336 0.440182 0.479774
1403638545.927830 1.735609 3.557939 0.627459 -0.314341 0.683264 0.461116 0.470863
1403638546.027829 1.747605 3.646422 0.646385 -0.322656 0.670633 0.481466 0.462963
1403638546.127830 1.761793 3.738119 0.663397 -0.328755 0.659694 0.497301 0.457619
1403638546.227829 1.774205 3.831096 0.673870 -0.335768 0.653151 0.506437 0.451858
1403638546.327830 1.785994 3.926086 0.677330 -0.341609 0.649910 0.511141 0.446827
1403638546.427830 1.796460 4.020211 0.675678 -0.346304 0.649529 0.512273 0.442450
1403638546.527829 1.806239 4.115851 0.669206 -0.347459 0.648437 0.514112 0.441011
1403638546.627830 1.814917 4.213413 0.666732 -0.349487 0.644587 0.519050 0.439263
1403638546.727829 1.822298 4.313378 0.670804 -0.353160 0.639549 0.524764 0.436895
1403638546.827830 1.829933 4.416771 0.686623 -0.353942 0.635085 0.530452 0.435905
1403638546.927830 1.834885 4.522470 0.704761 -0.354094 0.631946 0.534559 0.435326
1403638547.027829 1.839957 4.629172 0.718794 -0.352701 0.628759 0.538388 0.436350
1403638547.127830 1.840427 4.735088 0.724223 -0.349352 0.625929 0.542338 0.438218
1403638547.227829 1.839710 4.843107 0.727205 -0.347379 0.624601 0.544353 0.439182
1403638547.327830 1.831974 4.952483 0.722459 -0.346194 0.623669 0.545123 0.440486
1403638547.427830 1.820443 5.058119 0.718116 -0.351382 0.627005 0.541376 0.436242
1403638547.527829 1.807415 5.168626 0.710722 -0.356056 0.630384 0.537408 0.432473
1403638547.627830 1.787892 5.271850 0.694807 -0.358451 0.632531 0.534971 0.430376
1403638547.727829 1.772356 5.385779 0.676845 -0.357038 0.632900 0.534595 0.431474
1403638547.827830 1.750575 5.491494 0.653004 -0.353096 0.630550 0.536979 0.435181
1403638547.927830 1.732109 5.609008 0.628976 -0.352683 0.630366 0.536953 0.435815
1403638548.027829 1.704782 5.715744 0.609528 -0.354267 0.629571 0.538167 0.434179
1403638548.127830 1.679275 5.835815 0.599583 -0.357590 0.626753 0.542022 0.430724
1403638548.227829 1.649688 5.959179 0.597331 -0.363544 0.621318 0.548611 0.425236
1403638548.327830 1.619264 6.083140 0.602353 -0.370940 0.613179 0.558291 0.418002
1403638548.427830 1.586986 6.209149 0.615787 -0.377836 0.603299 0.570455 0.409696
1403638548.527829 1.556421 6.333952 0.635902 -0.385674 0.594505 0.579074 0.403104
1403638548.627830 1.526193 6.461472 0.650242 -0.390826 0.587095 0.586008 0.398959
1403638548.727829 1.497535 6.580202 0.661427 -0.394619 0.582348 0.590661 0.395306
1403638548.827830 1.467284 6.704954 0.673240 -0.396962 0.579341 0.593794 0.392675
1403638548.927830 1.436331 6.833284 0.692301 -0.398852 0.577630 0.595131 0.391254
1403638549.027829 1.404274 6.960216 0.715707 -0.397965 0.576881 0.596969 0.390460
1403638549.127830 1.373184 7.083855 0.746262 -0.400214 0.577335 0.595610 0.389567
1403638549.227829 1.340338 7.212078 0.781803 -0.400605 0.577411 0.595147 0.389759
1403638549.327830 1.309341 7.341593 0.823564 -0.402129 0.578676 0.593383 0.389002
1403638549.427830 1.276183 7.472184 0.864784 -0.404556 0.579982 0.590899 0.388322
1403638549.527829 1.245307 7.605750 0.902311 -0.405285 0.581320 0.589503 0.387683
1403638549.627830 1.213990 7.740055 0.933303 -0.407266 0.580597 0.587575 0.389610
1403638549.727829 1.185946 7.874391 0.963267 -0.406121 0.580076 0.587536 0.391638
1403638549.827830 1.157812 8.011454 0.995137 -0.406143 0.581777 0.587161 0.389649
1403638549.927830 1.130392 8.148632 1.034792 -0.404180 0.582583 0.587994 0.389229
1403638550.027829 1.104120 8.290635 1.083077 -0.404812 0.583564 0.587399 0.387999
1403638550.127830 1.078892 8.433802 1.137993 -0.405855 0.584474 0.586935 0.386238
1403638550.227829 1.055498 8.578210 1.201311 -0.405584 0.584279 0.587701 0.385652
1403638550.327830 1.032552 8.726178 1.269908 -0.404957 0.583373 0.588483 0.386489
1403638550.427830 1.010684 8.875291 1.334926 -0.407130 0.582915 0.587593 0.386250
1403638550.527829 0.990362 9.023057 1.394316 -0.409560 0.584230 0.586085 0.383980
1403638550.627830 0.971506 9.173861 1.443896 -0.414212 0.583573 0.582966 0.384735
1403638550.727829 0.957645 9.318725 1.492832 -0.418453 0.582437 0.580043 0.386281
1403638550.827830 0.947426 9.459116 1.532087 -0.422096 0.580197 0.577253 0.389853
1403638550.927830 0.941551 9.599074 1.569018 -0.428541 0.575780 0.572374 0.396507
1403638551.027829 0.938503 9.731910 1.600736 -0.433814 0.572738 0.568535 0.400680
1403638551.127830 0.938524 9.860741 1.634762 -0.437032 0.571903 0.566195 0.401688
1403638551.227829 0.942251 9.977416 1.664167 -0.440711 0.572328 0.564190 0.399880
1403638551.327830 0.952727 10.088212 1.705317 -0.437974 0.576745 0.563386 0.397668
1403638551.427830 0.967846 10.199459 1.743124 -0.432087 0.587376 0.557044 0.397484
1403638551.527829 0.990904 10.306918 1.781009 -0.424907 0.602292 0.544583 0.400160
1403638551.627830 1.019283 10.419820 1.811211 -0.418781 0.619133 0.526968 0.404476
1403638551.727829 1.057474 10.521686 1.837084 -0.410979 0.634705 0.508855 0.411476
1403638551.827830 1.104669 10.621194 1.858325 -0.401541 0.648451 0.491256 0.420646
1403638551.927830 1.159789 10.711775 1.877830 -0.389768 0.655405 0.480550 0.433124
1403638552.027829 1.222202 10.796423 1.903812 -0.379395 0.657275 0.474340 0.446151
1403638552.127830 1.287947 10.871144 1.936021 -0.371811 0.660327 0.470549 0.452005
1403638552.227829 1.358107 10.939358 1.973460 -0.367183 0.665254 0.468611 0.450575
1403638552.327830 1.429379 10.996379 2.012376 -0.365138 0.667902 0.467388 0.449588
1403638552.427830 1.506333 11.055184 2.047728 -0.370972 0.666462 0.462363 0.452137
1403638552.527829 1.585593 11.099662 2.079167 -0.377942 0.663001 0.457517 0.456364
1403638552.627830 1.671311 11.142968 2.105591 -0.381571 0.659512 0.456054 0.459851
1403638552.727829 1.760250 11.175347 2.124303 -0.381447 0.658633 0.457986 0.459292
1403638552.827830 1.852226 11.198047 2.137485 -0.380265 0.657312 0.461120 0.459029
1403638552.927830 1.945747 11.215219 2.144443 -0.376311 0.655688 0.466791 0.458879
1403638553.027829 2.041125 11.224941 2.146540 -0.371524 0.653204 0.472770 0.460199
1403638553.127830 2.136458 11.226037 2.145684 -0.372058 0.650138 0.475121 0.461686
1403638553.227829 2.235060 11.228077 2.143966 -0.380333 0.645086 0.471345 0.465881
1403638553.327830 2.334735 11.219314 2.145244 -0.385372 0.639204 0.469795 0.471381
1403638553.427830 2.433029 11.200959 2.152030 -0.383421 0.633837 0.472554 0.477422
1403638553.527829 2.531516 11.174458 2.164744 -0.380385 0.629238 0.475929 0.482553
1403638553.627830 2.624100 11.132274 2.180786 -0.377521 0.626185 0.478503 0.486214
1403638553.727829 2.721948 11.086123 2.205333 -0.375977 0.625835 0.480537 0.485857
1403638553.827830 2.810780 11.026695 2.235806 -0.373677 0.627192 0.482482 0.483950
1403638553.927830 2.894688 10.954924 2.269927 -0.371527 0.628972 0.483832 0.481942
1403638554.027829 2.985546 10.886134 2.306189 -0.371863 0.633558 0.483761 0.475708
1403638554.127830 3.059991 10.800395 2.331536 -0.369452 0.635307 0.485509 0.473467
1403638554.227829 3.145496 10.725418 2.358982 -0.361037 0.640243 0.491896 0.466669
1403638554.327830 3.218606 10.636265 2.373340 -0.353790 0.644644 0.497326 0.460363
1403638554.427830 3.300555 10.560128 2.392270 -0.350035 0.646967 0.500488 0.456531
1403638554.527829 3.374930 10.481106 2.405016 -0.348460 0.647691 0.501898 0.455160
1403638554.627830 3.444550 10.401700 2.413731 -0.351211 0.649508 0.500501 0.451983
1403638554.727829 3.510615 10.317666 2.424876 -0.356844 0.650466 0.496798 0.450276
1403638554.827830 3.577648 10.239102 2.442823 -0.361320 0.651332 0.494170 0.448341
1403638554.927830 3.645927 10.158718 2.463645 -0.364677 0.651628 0.491644 0.447970
1403638555.027829 3.714836 10.077964 2.480893 -0.365042 0.653489 0.487393 0.449606
1403638555.127830 3.786746 9.999617 2.494412 -0.358876 0.658189 0.482660 0.452807
1403638555.227829 3.861728 9.919631 2.501905 -0.352905 0.665182 0.474657 0.455732
1403638555.327830 3.937317 9.837941 2.503216 -0.347060 0.670578 0.467990 0.459194
1403638555.427830 4.014456 9.756738 2.502402 -0.339425 0.672852 0.465227 0.464354
1403638555.527829 4.092320 9.674443 2.498181 -0.336574 0.675000 0.461692 0.466834
1403638555.627830 4.169634 9.591881 2.494980 -0.334282 0.676072 0.460244 0.468356
1403638555.727829 4.246493 9.508572 2.501057 -0.334579 0.677569 0.458968 0.467232
1403638555.827830 4.321901 9.424665 2.517952 -0.333052 0.677882 0.460158 0.466698
1403638555.927830 4.396450 9.340246 2.536215 -0.331651 0.677543 0.461684 0.466680
1403638556.027829 4.473570 9.260326 2.561595 -0.330714 0.676372 0.463012 0.467729
1403638556.127830 4.550259 9.182042 2.586585 -0.329417 0.678320 0.464170 0.464665
1403638556.227829 4.627064 9.107242 2.604862 -0.327133 0.682888 0.465499 0.458213
1403638556.327830 4.705496 9.033800 2.618429 -0.326109 0.685466 0.466194 0.454371
1403638556.427830 4.783076 8.969585 2.629168 -0.324976 0.687448 0.466915 0.451437
1403638556.527829 4.862557 8.908259 2.639127 -0.322041 0.690977 0.468331 0.446660
1403638556.627830 4.946623 8.853880 2.650131 -0.326203 0.694172 0.464617 0.442548
1403638556.727829 5.030412 8.808289 2.664154 -0.333701 0.693942 0.458489 0.443707
1403638556.827830 5.116288 8.761366 2.686340 -0.339949 0.691262 0.454018 0.447728
1403638556.927830 5.207486 8.723080 2.714344 -0.344610 0.690072 0.450526 0.449524
1403638557.027829 5.305092 8.684729 2.741354 -0.345797 0.688843 0.449882 0.451138
1403638557.127830 5.411991 8.641480 2.761755 -0.343459 0.687024 0.452095 0.453479
1403638557.227829 5.516134 8.603225 2.774624 -0.342471 0.685681 0.453151 0.455203
1403638557.327830 5.627519 8.559306 2.782313 -0.341320 0.684795 0.454351 0.456204
1403638557.427830 5.741345 8.516553 2.789122 -0.338001 0.682696 0.457318 0.458848
1403638557.527829 5.857917 8.474667 2.801109 -0.332364 0.679807 0.461682 0.462867
1403638557.627830 5.971987 8.433490 2.818327 -0.329111 0.677518 0.464177 0.466042
1403638557.727829 6.085125 8.394612 2.839637 -0.327982 0.676833 0.464880 0.467131
1403638557.827830 6.196295 8.355738 2.859043 -0.326043 0.676548 0.465634 0.468149
1403638557.927830 6.306777 8.316977 2.872217 -0.323288 0.676744 0.467382 0.468035
1403638558.027829 6.415671 8.278889 2.879755 -0.321631 0.679363 0.468502 0.464247
1403638558.127830 6.523522 8.242114 2.881878 -0.319496 0.684399 0.469551 0.457211
1403638558.227829 6.633495 8.208261 2.886009 -0.316455 0.690534 0.471052 0.448474
1403638558.327830 6.744368 8.180901 2.897726 -0.312315 0.692144 0.473480 0.446332
1403638558.427830 6.855948 8.160301 2.920514 -0.306208 0.694426 0.477159 0.443090
1403638558.527829 6.966264 8.149253 2.949421 -0.302733 0.697565 0.478796 0.438760
1403638558.627830 7.080095 8.147653 2.985658 -0.307614 0.698904 0.474902 0.437465
1403638558.727829 7.195833 8.155773 3.024789 -0.318053 0.699651 0.467062 0.437245
1403638558.827830 7.312839 8.170156 3.060173 -0.323479 0.699256 0.462767 0.438462
1403638558.927830 7.436740 8.187842 3.087125 -0.324442 0.696126 0.462091 0.443416
1403638559.027829 7.562421 8.210037 3.107204 -0.325256 0.691025 0.461838 0.450998
1403638559.127830 7.687970 8.236177 3.119642 -0.326407 0.687274 0.461460 0.456254
1403638559.227829 7.813580 8.263817 3.125655 -0.325517 0.683977 0.462913 0.460353
1403638559.327830 7.938798 8.293030 3.124958 -0.323800 0.681589 0.464917 0.463079
1403638559.427830 8.062381 8.322448 3.118213 -0.319751 0.678864 0.468517 0.466255
1403638559.527829 8.181406 8.353094 3.106637 -0.318442 0.676956 0.469908 0.468520
1403638559.627830 8.297201 8.385341 3.090321 -0.318778 0.675256 0.470422 0.470227
1403638559.727829 8.409332 8.419381 3.074468 -0.319149 0.674344 0.470963 0.470741
1403638559.827830 8.518847 8.454344 3.064308 -0.320353 0.674901 0.471030 0.469056
1403638559.927830 8.624140 8.491837 3.058440 -0.320556 0.676047 0.468509 0.469791
1403638560.027829 8.727711 8.528771 3.048329 -0.317428 0.682179 0.459162 0.472273
1403638560.127830 8.831384 8.567395 3.032063 -0.310091 0.691663 0.443615 0.478175
1403638560.227829 8.935116 8.604783 3.009012 -0.298580 0.702786 0.424285 0.486747
1403638560.327830 9.037879 8.642157 2.983263 -0.286888 0.712434 0.401649 0.498810
1403638560.427830 9.136379 8.677245 2.955136 -0.275220 0.721140 0.377173 0.511812
1403638560.527829 9.233145 8.710174 2.923332 -0.262805 0.729909 0.351810 0.523828
1403638560.627830 9.324868 8.738845 2.886528 -0.252694 0.740907 0.324088 0.531196
1403638560.727829 9.412965 8.762520 2.848812 -0.245455 0.751791 0.296791 0.535236
1403638560.827830 9.498223 8.778985 2.817841 -0.235065 0.759701 0.273912 0.540899
1403638560.927830 9.582087 8.788233 2.794264 -0.224794 0.765936 0.251361 0.547383
1403638561.027829 9.665206 8.790363 2.778825 -0.211928 0.768847 0.231615 0.557059
1403638561.127830 9.745152 8.782916 2.770022 -0.200403 0.771690 0.212387 0.565000
1403638561.227829 9.821080 8.766426 2.767335 -0.191380 0.773087 0.196839 0.571808
1403638561.327830 9.891549 8.743732 2.770212 -0.185134 0.774826 0.186909 0.574834
1403638561.427830 9.957491 8.713023 2.771842 -0.173056 0.780865 0.187426 0.570240
1403638561.527829 10.019648 8.676536 2.769768 -0.160490 0.785219 0.192493 0.566234
1403638561.627830 10.078805 8.637056 2.762029 -0.153736 0.787866 0.196329 0.563105
1403638561.727829 10.133572 8.596761 2.747583 -0.152171 0.788618 0.198699 0.561645
1403638561.827830 10.186641 8.553611 2.731765 -0.150938 0.788044 0.200785 0.562041
1403638561.927830 10.236546 8.510478 2.707372 -0.146657 0.788001 0.199507 0.563687
1403638562.027829 10.285714 8.465310 2.683729 -0.141308 0.789558 0.192213 0.565406
1403638562.127830 10.329245 8.419586 2.664268 -0.133803 0.791744 0.182365 0.567433
1403638562.227829 10.376120 8.374432 2.652725 -0.126977 0.793312 0.174316 0.569339
1403638562.327830 10.419907 8.332421 2.644860 -0.120967 0.794719 0.164524 0.571595
1403638562.427830 10.458976 8.286897 2.641883 -0.114158 0.796425 0.150785 0.574403
1403638562.527829 10.495022 8.240244 2.644940 -0.105228 0.799762 0.133100 0.575841
1403638562.627830 10.527542 8.192609 2.654093 -0.096571 0.802241 0.110665 0.578651
1403638562.727829 10.556208 8.143667 2.666575 -0.087534 0.805216 0.085732 0.580186
1403638562.827830 10.584795 8.091382 2.676579 -0.076303 0.807422 0.060299 0.581903
1403638562.927830 10.605611 8.035326 2.681046 -0.062482 0.809256 0.036305 0.582995
1403638563.027829 10.622910 7.976687 2.679932 -0.050301 0.809856 0.013397 0.584315
1403638563.127830 10.636272 7.913546 2.673798 -0.043206 0.810644 -0.010691 0.583846
1403638563.227829 10.644320 7.844879 2.663923 -0.029944 0.809175 -0.026535 0.586205
1403638563.327830 10.647778 7.772341 2.649657 -0.020221 0.804775 -0.037465 0.592051
1403638563.427830 10.644810 7.695347 2.631223 -0.016561 0.796288 -0.045858 0.602949
1403638563.527829 10.640817 7.613943 2.607845 -0.013135 0.794197 -0.048439 0.605585
1403638563.627830 10.621722 7.527295 2.588974 -0.009479 0.796802 -0.047537 0.602293
1403638563.727829 10.600141 7.436096 2.576953 -0.011867 0.799701 -0.048026 0.598357
1403638563.827830 10.574734 7.337900 2.571979 -0.015658 0.801112 -0.047940 0.596386
1403638563.927830 10.541441 7.235545 2.575696 -0.018949 0.800498 -0.046819 0.597203
1403638564.027829 10.505520 7.127324 2.580842 -0.022842 0.800106 -0.044561 0.597765
1403638564.127830 10.460241 7.015308 2.581121 -0.026104 0.799891 -0.041206 0.598160
1403638564.227829 10.410238 6.897199 2.577196 -0.026536 0.799059 -0.035757 0.599601
1403638564.327830 10.358273 6.771341 2.575127 -0.024696 0.797914 -0.029290 0.601552
1403638564.427830 10.297121 6.643299 2.579848 -0.025111 0.795881 -0.025392 0.604400
1403638564.527829 10.231141 6.510653 2.591457 -0.026303 0.795888 -0.023062 0.604433
1403638564.627830 10.154594 6.377174 2.603950 -0.030355 0.798057 -0.023898 0.601342
1403638564.727829 10.075998 6.236921 2.614050 -0.035284 0.799540 -0.027088 0.598964
1403638564.827830 9.987783 6.094286 2.615686 -0.038046 0.799813 -0.030150 0.598284
1403638564.927830 9.900570 5.944330 2.607701 -0.040322 0.799079 -0.032613 0.598985
1403638565.027829 9.806392 5.787367 2.580576 -0.041660 0.799089 -0.033580 0.598827
1403638565.127830 9.708724 5.624939 2.537556 -0.042560 0.799773 -0.034180 0.597816
1403638565.227829 9.607776 5.457315 2.482448 -0.042132 0.800609 -0.033713 0.596752
1403638565.327830 9.502739 5.282598 2.423499 -0.039784 0.801470 -0.032791 0.595809
1403638565.427830 9.395730 5.104617 2.363001 -0.037475 0.802311 -0.031453 0.594898
1403638565.527829 9.285371 4.921557 2.304944 -0.032046 0.800229 -0.029812 0.598095
1403638565.627830 9.172785 4.732256 2.256486 -0.023701 0.798601 -0.026290 0.600819
1403638565.727829 9.055680 4.541865 2.215257 -0.011618 0.799565 -0.019841 0.600139
1403638565.827830 8.933554 4.353734 2.181824 -0.005341 0.802472 -0.017192 0.596418
1403638565.927830 8.805081 4.166632 2.154528 0.000671 0.804779 -0.015090 0.593382
1403638566.027829 8.672013 3.981858 2.124581 0.001398 0.805951 -0.015974 0.591765
1403638566.127830 8.537345 3.800173 2.086787 0.001741 0.806093 -0.016309 0.591561
1403638566.227829 8.403131 3.624885 2.039982 0.002095 0.805792 -0.016144 0.591975
1403638566.327830 8.270219 3.451964 1.984288 0.001448 0.806834 -0.016074 0.590557
1403638566.427830 8.137023 3.281863 1.921198 0.000973 0.806697 -0.014849 0.590778
1403638566.527829 8.001213 3.116996 1.855723 -0.001048 0.807014 -0.014251 0.590360
1403638566.627830 7.873880 2.955519 1.777143 -0.002880 0.813618 -0.012935 0.581249
1403638566.727829 7.744212 2.798372 1.694502 -0.003657 0.825859 -0.011622 0.563746
1403638566.827830 7.616602 2.642877 1.611169 -0.002942 0.835435 -0.008303 0.549519
1403638566.927830 7.504011 2.495968 1.520746 -0.003017 0.841562 -0.005597 0.540124
1403638567.027829 7.397895 2.351206 1.431624 -0.004209 0.841368 -0.004328 0.540429
1403638567.127830 7.299540 2.210092 1.345519 -0.002884 0.828757 -0.002140 0.559597
1403638567.227829 7.203325 2.069689 1.253993 -0.001589 0.817418 -0.000822 0.576042
1403638567.327830 7.109225 1.934372 1.156548 0.001430 0.811757 0.000279 0.583994
1403638567.427830 7.012758 1.803414 1.059260 0.003732 0.811286 -0.000054 0.584638
1403638567.527829 6.912828 1.673955 0.966692 0.005499 0.813822 -0.001142 0.581087
1403638567.627830 6.811393 1.546737 0.883268 0.007714 0.817665 -0.002157 0.575638
1403638567.727829 6.712148 1.424706 0.810128 0.010427 0.820820 -0.002723 0.571086
1403638567.827830 6.615877 1.307638 0.746496 0.012496 0.824806 -0.003028 0.565269
1403638567.927830 6.528133 1.197588 0.690170 0.010240 0.826386 -0.005627 0.562983
1403638568.027829 6.446061 1.093102 0.640656 0.011492 0.827050 -0.005764 0.561982
1403638568.127830 6.369805 0.993680 0.601940 0.014247 0.826175 -0.004340 0.563217
1403638568.227829 6.297307 0.899638 0.571326 0.016347 0.825470 -0.003309 0.564199
1403638568.327830 6.227281 0.809016 0.544630 0.017156 0.825636 -0.003301 0.563932
1403638568.427830 6.160031 0.723327 0.514458 0.017221 0.826909 -0.003621 0.562061
1403638568.527829 6.097388 0.643318 0.477003 0.018095 0.827677 -0.003188 0.560904
1403638568.627830 6.037324 0.566300 0.439318 0.018670 0.829288 -0.002724 0.558503
1403638568.727829 5.982822 0.495954 0.398104 0.020444 0.830623 -0.001098 0.556459
1403638568.827830 5.931919 0.431434 0.368036 0.018431 0.830600 -0.002128 0.556561
1403638568.927830 5.886785 0.373281 0.341963 0.019511 0.830546 -0.001513 0.556607
1403638569.027829 5.846607 0.320589 0.327940 0.019484 0.829700 -0.001586 0.557867
1403638569.127830 5.810199 0.271961 0.316935 0.021144 0.829782 -0.000405 0.557686
1403638569.227829 5.776185 0.228847 0.314051 0.023171 0.831282 0.000515 0.555368
1403638569.327830 5.747787 0.191394 0.305203 0.024345 0.831990 0.000726 0.554256
1403638569.427830 5.720974 0.156227 0.293472 0.025238 0.831002 0.001218 0.555695
1403638569.527829 5.702376 0.129001 0.274755 0.025252 0.829779 0.001477 0.557519
1403638569.627830 5.687208 0.106770 0.257114 0.024751 0.828396 0.000829 0.559596
1403638569.727829 5.675109 0.089887 0.246003 0.025544 0.827473 0.001087 0.560923
1403638569.827830 5.667126 0.080566 0.242455 0.025488 0.826838 0.001517 0.561860
1403638569.927830 5.662544 0.076183 0.244325 0.026516 0.825006 0.002136 0.564497
1403638570.027829 5.661264 0.078017 0.247121 0.024288 0.823863 0.000885 0.566267
1403638570.127830 5.662527 0.084939 0.244987 0.020753 0.824082 -0.001441 0.566088
1403638570.227829 5.665570 0.094755 0.236615 0.014642 0.823735 -0.004811 0.566766
1403638570.327830 5.670163 0.106497 0.222782 0.005819 0.823621 -0.011142 0.567001
1403638570.427830 5.675377 0.118052 0.204287 0.002168 0.823587 -0.021294 0.566786
1403638570.527829 5.682045 0.127504 0.179616 -0.004081 0.822939 -0.043294 0.566463
1403638570.627830 5.685935 0.130430 0.150110 -0.008216 0.820040 -0.072491 0.567637
1403638570.727829 5.692389 0.124188 0.116735 -0.002837 0.812877 -0.100266 0.573732
1403638570.827830 5.694390 0.107155 0.082140 0.006373 0.801124 -0.127622 0.584698
1403638570.927830 5.690146 0.079924 0.045206 0.020385 0.791942 -0.150707 0.591354
1403638571.027829 5.678655 0.041295 0.004484 0.035533 0.785744 -0.171987 0.593097
1403638571.127830 5.658660 -0.007089 -0.039333 0.055963 0.787273 -0.187912 0.584601
1403638571.227829 5.630268 -0.063512 -0.076116 0.077654 0.789899 -0.196540 0.575674
1403638571.327830 5.597457 -0.126390 -0.103339 0.096031 0.790449 -0.201332 0.570468
1403638571.427830 5.558453 -0.192290 -0.120439 0.103875 0.788430 -0.207420 0.569706
1403638571.527829 5.513526 -0.261795 -0.129955 0.109753 0.785432 -0.210807 0.571499
1403638571.627830 5.463811 -0.334259 -0.140691 0.116368 0.784264 -0.217679 0.569213
1403638571.727829 5.411313 -0.409813 -0.156614 0.123450 0.784452 -0.229291 0.562869
1403638571.827830 5.356431 -0.488649 -0.177873 0.131822 0.783402 -0.244620 0.555937
1403638571.927830 5.298980 -0.570883 -0.199378 0.139237 0.779027 -0.263982 0.551401
1403638572.027829 5.239257 -0.657589 -0.214332 0.148147 0.772992 -0.283592 0.547824
1403638572.127830 5.176581 -0.748441 -0.220659 0.159192 0.766031 -0.301721 0.544811
1403638572.227829 5.109396 -0.842124 -0.219052 0.175939 0.760824 -0.316639 0.538454
1403638572.327830 5.040814 -0.938564 -0.216310 0.189461 0.756929 -0.334526 0.528446
1403638572.427830 4.972081 -1.039117 -0.217554 0.203292 0.752486 -0.351351 0.518642
1403638572.527829 4.904250 -1.142860 -0.220811 0.216081 0.749249 -0.362004 0.510772
1403638572.627830 4.838612 -1.250243 -0.224367 0.224646 0.746169 -0.368642 0.506822
1403638572.727829 4.775125 -1.361495 -0.223266 0.231804 0.745922 -0.371205 0.502070
1403638572.827830 4.715347 -1.476443 -0.213527 0.237668 0.748048 -0.370283 0.496818
1403638572.927830 4.660128 -1.594669 -0.196488 0.239051 0.749930 -0.369655 0.493776
1403638573.027829 4.608488 -1.715136 -0.179437 0.239465 0.752356 -0.368440 0.490784
1403638573.127830 4.561161 -1.838049 -0.168248 0.238210 0.754515 -0.366792 0.489312
1403638573.227829 4.518271 -1.963218 -0.161658 0.236614 0.755396 -0.365009 0.490060
1403638573.327830 4.482455 -2.091600 -0.155247 0.235077 0.756413 -0.362918 0.490784
1403638573.427830 4.447021 -2.223936 -0.148761 0.236043 0.757494 -0.363203 0.488437
1403638573.527829 4.421502 -2.357632 -0.133269 0.239045 0.757316 -0.363260 0.487209
1403638573.627830 4.398354 -2.493354 -0.110869 0.240298 0.756955 -0.363674 0.486845
1403638573.727829 4.384282 -2.628827 -0.082696 0.244752 0.756361 -0.365691 0.484030
1403638573.827830 4.371275 -2.769088 -0.051963 0.255492 0.749333 -0.369893 0.486212
1403638573.927830 4.367111 -2.908526 -0.025412 0.269606 0.737086 -0.378928 0.490338
1403638574.027829 4.368218 -3.045177 -0.005513 0.277248 0.719281 -0.397636 0.497648
1403638574.127830 4.369653 -3.180066 0.007846 0.282743 0.698350 -0.421115 0.505001
1403638574.227829 4.369833 -3.310840 0.015112 0.290012 0.677855 -0.445311 0.508039
1403638574.327830 4.363336 -3.438363 0.019377 0.300908 0.662751 -0.466948 0.502171
1403638574.427830 4.349210 -3.562856 0.020746 0.315049 0.651392 -0.485564 0.490571
1403638574.527829 4.334293 -3.685356 0.017232 0.327059 0.640608 -0.502907 0.479311
1403638574.627830 4.313233 -3.804995 0.022219 0.337944 0.631316 -0.513748 0.472542
1403638574.727829 4.290005 -3.924015 0.034201 0.350459 0.628483 -0.517984 0.462472
1403638574.827830 4.264454 -4.039925 0.053392 0.357386 0.630653 -0.520716 0.451007
1403638574.927830 4.237643 -4.152615 0.071301 0.356240 0.633015 -0.525298 0.443224
1403638575.027829 4.211422 -4.264388 0.083313 0.352371 0.633946 -0.528954 0.440631
1403638575.127830 4.186083 -4.376448 0.086121 0.345001 0.631516 -0.533721 0.444189
1403638575.227829 4.157033 -4.487525 0.087584 0.340527 0.629462 -0.535568 0.448314
1403638575.327830 4.124867 -4.598786 0.082956 0.336938 0.630086 -0.536041 0.449583
1403638575.427830 4.089944 -4.710409 0.075037 0.333599 0.635191 -0.535548 0.445457
1403638575.527829 4.052784 -4.825113 0.064111 0.332255 0.639835 -0.533264 0.442547
1403638575.627830 4.012848 -4.943311 0.057492 0.334568 0.646461 -0.528531 0.436816
1403638575.727829 3.972076 -5.066546 0.058282 0.337124 0.652560 -0.523803 0.431443
1403638575.827830 3.932866 -5.192723 0.068260 0.338074 0.658375 -0.521066 0.425134
1403638575.927830 3.897857 -5.323388 0.090012 0.337176 0.660200 -0.519889 0.424457
1403638576.027829 3.866927 -5.458105 0.120957 0.337334 0.660570 -0.518596 0.425336
1403638576.127830 3.839185 -5.595911 0.157522 0.338114 0.660290 -0.517910 0.425987
1403638576.227829 3.814508 -5.740267 0.195668 0.340495 0.659370 -0.516260 0.427517
1403638576.327830 3.793931 -5.887600 0.226862 0.345295 0.660336 -0.513091 0.425987
1403638576.427830 3.775596 -6.047376 0.251469 0.348632 0.662446 -0.510923 0.422586
1403638576.527829 3.763254 -6.206662 0.271180 0.354115 0.666157 -0.507131 0.416719
1403638576.627830 3.759048 -6.361190 0.287821 0.357895 0.668847 -0.504758 0.412036
1403638576.727829 3.762902 -6.527750 0.297987 0.360996 0.668144 -0.502270 0.413510
1403638576.827830 3.775669 -6.691143 0.304617 0.365705 0.664025 -0.498913 0.420019
1403638576.927830 3.796679 -6.849980 0.305415 0.365673 0.658405 -0.499298 0.428355
1403638577.027829 3.823968 -7.008675 0.302821 0.361442 0.653725 -0.502413 0.435414
1403638577.127830 3.855011 -7.162642 0.304964 0.358143 0.650076 -0.505179 0.440374
1403638577.227829 3.888914 -7.318945 0.313169 0.355777 0.648537 -0.507017 0.442442
1403638577.327830 3.925079 -7.472163 0.329253 0.359691 0.650866 -0.504113 0.439166
1403638577.427830 3.964379 -7.623765 0.352804 0.365947 0.655409 -0.499070 0.432957
1403638577.527829 4.009363 -7.773296 0.377857 0.366376 0.656028 -0.498494 0.432319
1403638577.627830 4.059421 -7.919185 0.397231 0.363566 0.655184 -0.500448 0.433711
1403638577.727829 4.112903 -8.061302 0.410152 0.361221 0.654992 -0.501888 0.434296
1403638577.827830 4.170575 -8.204219 0.415911 0.358845 0.654743 -0.503058 0.435286
1403638577.927830 4.231056 -8.345145 0.417911 0.358724 0.654983 -0.502299 0.435902
1403638578.027829 4.295131 -8.482689 0.421556 0.359653 0.655141 -0.500853 0.436562
1403638578.127830 4.364078 -8.621321 0.432377 0.357044 0.653647 -0.501674 0.439987
1403638578.227829 4.435536 -8.756391 0.449609 0.348894 0.648636 -0.506890 0.447892
1403638578.327830 4.507078 -8.891538 0.470895 0.342795 0.645322 -0.510952 0.452745
1403638578.427830 4.577991 -9.029977 0.487756 0.342632 0.644720 -0.511467 0.453146
1403638578.527829 4.644270 -9.158311 0.499554 0.342736 0.644104 -0.512055 0.453280
1403638578.627830 4.709804 -9.290979 0.505212 0.343885 0.643242 -0.511952 0.453749
1403638578.727829 4.772466 -9.419076 0.509444 0.347909 0.644701 -0.509601 0.451250
1403638578.827830 4.835573 -9.549001 0.508151 0.353256 0.648292 -0.505893 0.446094
1403638578.927830 4.898592 -9.672377 0.506038 0.357494 0.649415 -0.503068 0.444275
1403638579.027829 4.964433 -9.799321 0.506272 0.359302 0.650493 -0.500943 0.443640
1403638579.127830 5.034713 -9.926662 0.518128 0.359631 0.650801 -0.499946 0.444047
1403638579.227829 5.106581 -10.046263 0.537408 0.359534 0.650695 -0.499730 0.444523
1403638579.327830 5.180264 -10.163497 0.561749 0.356328 0.649150 -0.501457 0.447409
1403638579.427830 5.253405 -10.278792 0.582678 0.348535 0.644698 -0.506780 0.453942
1403638579.527829 5.329612 -10.392973 0.598026 0.343534 0.641548 -0.509233 0.459438
1403638579.627830 5.402851 -10.504933 0.608520 0.345225 0.639013 -0.501252 0.470350
1403638579.727829 5.472698 -10.611213 0.612223 0.346249 0.644396 -0.485002 0.479205
1403638579.827830 5.541620 -10.711805 0.609515 0.339650 0.659300 -0.464669 0.483781
1403638579.927830 5.610862 -10.809695 0.600805 0.325140 0.679578 -0.441152 0.487692
1403638580.027829 5.679794 -10.903249 0.588264 0.308472 0.696461 -0.410987 0.500876
1403638580.127830 5.750384 -10.989827 0.575538 0.291261 0.708691 -0.374376 0.522272
1403638580.227829 5.816458 -11.065199 0.554492 0.267372 0.723699 -0.337342 0.539419
1403638580.327830 5.878690 -11.130898 0.528101 0.238211 0.740496 -0.305453 0.549199
1403638580.427830 5.935476 -11.188922 0.496099 0.207947 0.753733 -0.284729 0.554593
1403638580.527829 5.986347 -11.242839 0.461284 0.186708 0.761990 -0.270217 0.558116
1403638580.627830 6.032755 -11.293701 0.426405 0.170606 0.769925 -0.256306 0.558943
1403638580.727829 6.074341 -11.342571 0.395046 0.157042 0.780467 -0.240350 0.555375
1403638580.827830 6.112017 -11.390696 0.373503 0.150027 0.788252 -0.227287 0.551808
1403638580.927830 6.147915 -11.439933 0.359933 0.145982 0.792303 -0.219057 0.550418
1403638581.027829 6.183393 -11.489313 0.355647 0.141652 0.793391 -0.217017 0.550789
1403638581.127830 6.218263 -11.539108 0.359396 0.142601 0.793832 -0.215123 0.550652
1403638581.227829 6.256853 -11.582413 0.377657 0.145653 0.793936 -0.214925 0.549780
1403638581.327830 6.288836 -11.625419 0.388844 0.149567 0.793563 -0.215573 0.549013
1403638581.427830 6.320233 -11.663899 0.406564 0.153023 0.791712 -0.216742 0.550272
1403638581.527829 6.349203 -11.699593 0.424648 0.155601 0.790470 -0.219061 0.550416
1403638581.627830 6.380287 -11.730000 0.453658 0.159701 0.788079 -0.220383 0.552140
1403638581.727829 6.409857 -11.754210 0.480807 0.164482 0.783344 -0.220542 0.557386
1403638581.827830 6.436211 -11.771841 0.501412 0.166381 0.781656 -0.222200 0.558532
1403638581.927830 6.461019 -11.785914 0.515316 0.169572 0.774895 -0.221997 0.567009
1403638582.027829 6.482869 -11.800894 0.519281 0.171733 0.771385 -0.221242 0.571423
1403638582.127830 6.505472 -11.812528 0.528583 0.169889 0.777741 -0.223475 0.562420
1403638582.227829 6.526834 -11.825148 0.545860 0.167155 0.783837 -0.225693 0.553824
1403638582.327830 6.549506 -11.837216 0.574431 0.169177 0.782319 -0.223903 0.556079
1403638582.427830 6.572989 -11.844337 0.613080 0.170786 0.779805 -0.222447 0.559690
1403638582.527829 6.594108 -11.847018 0.662706 0.171806 0.778658 -0.221484 0.561354
1403638582.627830 6.624140 -11.859239 0.716620 0.172263 0.778570 -0.220915 0.561560
1403638582.727829 6.649600 -11.860219 0.784713 0.171462 0.781178 -0.221812 0.557818
1403638582.827830 6.675454 -11.860876 0.852682 0.170923 0.782525 -0.222684 0.555745
1403638582.927830 6.697025 -11.851737 0.923830 0.170690 0.783810 -0.223835 0.553538
1403638583.027829 6.717742 -11.840721 0.986117 0.169822 0.786579 -0.225366 0.549239
1403638583.127830 6.737801 -11.827656 1.040403 0.169326 0.788661 -0.226489 0.545936
1403638583.227829 6.759564 -11.811313 1.087518 0.168433 0.789705 -0.227925 0.544102
1403638583.327830 6.786600 -11.798919 1.122415 0.168842 0.789584 -0.227702 0.544243
1403638583.427830 6.812178 -11.781082 1.158593 0.168531 0.789918 -0.227952 0.543750
1403638583.527829 6.837810 -11.759212 1.197125 0.168254 0.790490 -0.228016 0.542977
1403638583.627830 6.865255 -11.735646 1.244496 0.169073 0.790375 -0.227454 0.543126
1403638583.727829 6.891777 -11.707052 1.295289 0.170350 0.790234 -0.226692 0.543251
1403638583.827830 6.929744 -11.679538 1.329810 0.170940 0.790058 -0.226075 0.543579
1403638583.927830 6.964270 -11.648495 1.366467 0.170726 0.789225 -0.226115 0.544838
1403638584.027829 6.996366 -11.616265 1.399603 0.171786 0.788523 -0.225337 0.545843
1403638584.127830 7.032085 -11.574134 1.411812 0.176128 0.781471 -0.222077 0.555845
1403638584.227829 7.064258 -11.534045 1.433437 0.180231 0.771724 -0.218562 0.569376
1403638584.327830 7.094891 -11.484293 1.429623 0.181619 0.765819 -0.217301 0.577335
1403638584.427830 7.118353 -11.428162 1.419912 0.181539 0.764858 -0.217224 0.578662
1403638584.527829 7.130711 -11.366984 1.400943 0.180971 0.764367 -0.217461 0.579399
1403638584.627830 7.143011 -11.303767 1.408073 0.180636 0.765574 -0.217236 0.577992
1403638584.727829 7.151287 -11.234596 1.423593 0.178528 0.769255 -0.218332 0.573328
1403638584.827830 7.145104 -11.158842 1.417616 0.174055 0.777360 -0.221282 0.562539
1403638584.927830 7.143977 -11.080341 1.437919 0.169054 0.783482 -0.225282 0.553917
1403638585.027829 7.137708 -10.996389 1.434932 0.167430 0.786209 -0.226520 0.550028
1403638585.127830 7.121884 -10.918668 1.417435 0.165992 0.786388 -0.227594 0.549764
1403638585.227829 7.116788 -10.840995 1.415245 0.165825 0.785290 -0.227768 0.551310
1403638585.327830 7.106730 -10.764865 1.403959 0.166757 0.782918 -0.226629 0.554860
1403638585.427830 7.106324 -10.684059 1.396611 0.166550 0.782351 -0.226468 0.555789
1403638585.527829 7.093683 -10.610052 1.383709 0.166561 0.783343 -0.226116 0.554529
1403638585.627830 7.092669 -10.530446 1.386418 0.165716 0.785407 -0.226179 0.551831
1403638585.727829 7.076754 -10.455184 1.393167 0.164164 0.789388 -0.226660 0.546391
1403638585.827830 7.078181 -10.374834 1.413548 0.161419 0.794124 -0.228691 0.539455
1403638585.927830 7.072797 -10.296926 1.441277 0.158281 0.796468 -0.231162 0.535864
1403638586.027829 7.073459 -10.220597 1.476577 0.158359 0.793707 -0.231574 0.539746
1403638586.127830 7.086161 -10.145319 1.507055 0.160647 0.789975 -0.231384 0.544603
1403638586.227829 7.086969 -10.067186 1.532392 0.162412 0.787527 -0.230361 0.548049
1403638586.327830 7.098852 -9.988145 1.550952 0.165788 0.784263 -0.228691 0.552401
1403638586.427830 7.100130 -9.910584 1.565823 0.173457 0.781506 -0.223826 0.555934
1403638586.527829 7.110685 -9.830051 1.575236 0.180134 0.780399 -0.219732 0.556999
1403638586.627830 7.107057 -9.742442 1.576546 0.177588 0.780891 -0.221516 0.556419
1403638586.727829 7.115849 -9.659261 1.572737 0.174098 0.780937 -0.224108 0.556420
1403638586.827830 7.123966 -9.574410 1.562535 0.170979 0.780153 -0.226112 0.557674
1403638586.927830 7.121300 -9.485857 1.544290 0.170854 0.779490 -0.225598 0.558847
1403638587.027829 7.125518 -9.399181 1.523603 0.169999 0.779329 -0.225894 0.559212
1403638587.127830 7.120919 -9.307585 1.503928 0.169180 0.779484 -0.226415 0.559034
1403638587.227829 7.122468 -9.216147 1.493080 0.168988 0.781747 -0.225842 0.556157
1403638587.327830 7.118490 -9.123937 1.489925 0.168621 0.783323 -0.226297 0.553861
1403638587.427830 7.118461 -9.030219 1.491290 0.167209 0.783963 -0.227245 0.552994
1403638587.527829 7.115152 -8.932982 1.493026 0.165921 0.783707 -0.228248 0.553332
1403638587.627830 7.115681 -8.836881 1.490148 0.164980 0.783670 -0.229514 0.553142
1403638587.727829 7.113970 -8.740941 1.481321 0.165259 0.783510 -0.229480 0.553300
1403638587.827830 7.113966 -8.645537 1.468316 0.164545 0.783047 -0.230715 0.553655
1403638587.927830 7.113831 -8.552488 1.449273 0.164168 0.782680 -0.231225 0.554071
1403638588.027829 7.112674 -8.459755 1.427126 0.163985 0.782018 -0.231281 0.555037
1403638588.127830 7.113740 -8.373137 1.400066 0.167224 0.782364 -0.229019 0.554521
1403638588.227829 7.109531 -8.281605 1.372549 0.173573 0.783167 -0.224321 0.553355
1403638588.327830 7.110495 -8.190011 1.346552 0.174315 0.783788 -0.223391 0.552619
1403638588.427830 7.109696 -8.090721 1.331733 0.174167 0.783663 -0.223317 0.552873
1403638588.527829 7.112000 -7.992913 1.321055 0.171992 0.783444 -0.224761 0.553278
1403638588.627830 7.109530 -7.889961 1.322122 0.169690 0.782798 -0.225991 0.554402
1403638588.727829 7.106480 -7.786646 1.327220 0.166958 0.781146 -0.227962 0.556749
1403638588.827830 7.102589 -7.683815 1.336820 0.166116 0.780520 -0.228748 0.557556
1403638588.927830 7.098004 -7.580248 1.338191 0.164792 0.780328 -0.230256 0.557597
1403638589.027829 7.090865 -7.477123 1.333178 0.164687 0.780313 -0.230974 0.557351
1403638589.127830 7.085596 -7.377804 1.324264 0.166142 0.780513 -0.230559 0.556811
1403638589.227829 7.077351 -7.271988 1.307571 0.166282 0.780164 -0.230526 0.557273
1403638589.327830 7.072916 -7.172140 1.290082 0.166453 0.779527 -0.230712 0.558034
1403638589.427830 7.063072 -7.066033 1.272298 0.165849 0.779587 -0.230951 0.558032
1403638589.527829 7.052881 -6.961257 1.265261 0.165699 0.779971 -0.231049 0.557500
1403638589.627830 7.039682 -6.854785 1.261184 0.166090 0.779782 -0.230822 0.557741
1403638589.727829 7.031216 -6.756148 1.270423 0.165449 0.781595 -0.231631 0.555053
1403638589.827830 7.015749 -6.652791 1.277821 0.165088 0.782426 -0.232541 0.553607
1403638589.927830 7.005222 -6.552848 1.286828 0.166316 0.782932 -0.232636 0.552483
1403638590.027829 6.990913 -6.449605 1.283455 0.165357 0.782505 -0.234080 0.552765
1403638590.127830 6.980271 -6.354466 1.280750 0.165944 0.782030 -0.234395 0.553129
1403638590.227829 6.967141 -6.253570 1.269419 0.166350 0.781194 -0.234716 0.554050
1403638590.327830 6.956882 -6.161034 1.258859 0.166279 0.780950 -0.234949 0.554317
1403638590.427830 6.941283 -6.062897 1.240372 0.166700 0.781971 -0.235165 0.552657
1403638590.527829 6.927171 -5.968346 1.222538 0.165481 0.782069 -0.235976 0.552539
1403638590.627830 6.911602 -5.873075 1.207992 0.164634 0.784128 -0.236429 0.549672
1403638590.727829 6.899683 -5.787218 1.202190 0.162354 0.785236 -0.237779 0.548185
1403638590.827830 6.886361 -5.693317 1.203959 0.162522 0.786290 -0.237540 0.546727
1403638590.927830 6.874395 -5.606625 1.213243 0.161551 0.786868 -0.238216 0.545888
1403638591.027829 6.861056 -5.516086 1.228404 0.160409 0.787643 -0.239414 0.544581
1403638591.127830 6.846116 -5.426830 1.242127 0.159755 0.790287 -0.240109 0.540621
1403638591.227829 6.835366 -5.339180 1.248335 0.158259 0.795258 -0.241716 0.533002
1403638591.327830 6.827023 -5.254232 1.247457 0.155011 0.800937 -0.244284 0.524211
1403638591.427830 6.823953 -5.173644 1.242410 0.152601 0.804138 -0.246448 0.518979
1403638591.527829 6.826147 -5.097451 1.231918 0.149717 0.806705 -0.248783 0.514702
1403638591.627830 6.834572 -5.026228 1.216616 0.147703 0.808755 -0.250252 0.511345
1403638591.727829 6.852354 -4.966332 1.200134 0.147457 0.807626 -0.250958 0.512851
1403638591.827830 6.875717 -4.917838 1.184346 0.148814 0.805216 -0.249816 0.516791
1403638591.927830 6.906708 -4.876085 1.171821 0.149959 0.802545 -0.248477 0.521242
1403638592.027829 6.942336 -4.835805 1.168098 0.150561 0.799807 -0.248002 0.525486
1403638592.127830 6.984738 -4.813852 1.176615 0.150413 0.798307 -0.246600 0.528461
1403638592.227829 7.030851 -4.800403 1.193980 0.146127 0.793664 -0.243168 0.538158
1403638592.327830 7.078656 -4.789366 1.220556 0.138880 0.788826 -0.236501 0.550030
1403638592.427830 7.124625 -4.784138 1.256437 0.127549 0.788263 -0.224673 0.558476
1403638592.527829 7.168559 -4.781481 1.299277 0.116977 0.793263 -0.209968 0.559432
1403638592.627830 7.209268 -4.780704 1.347552 0.110264 0.800462 -0.196614 0.555379
1403638592.727829 7.249114 -4.781737 1.397704 0.104627 0.807531 -0.186995 0.549526
1403638592.827830 7.289856 -4.785084 1.443385 0.099528 0.813804 -0.181386 0.543061
1403638592.927830 7.331153 -4.791697 1.483994 0.097693 0.817219 -0.176973 0.539713
1403638593.027829 7.375667 -4.801374 1.519408 0.096732 0.818588 -0.174371 0.538657
1403638593.127830 7.425329 -4.816237 1.550369 0.096300 0.818634 -0.173297 0.539010
1403638593.227829 7.479726 -4.835391 1.586785 0.099182 0.815185 -0.171379 0.544303
1403638593.327830 7.536572 -4.855211 1.631575 0.107340 0.812466 -0.166721 0.548253
1403638593.427830 7.593969 -4.876745 1.678099 0.117414 0.807761 -0.161253 0.554738
1403638593.527829 7.651510 -4.896882 1.718887 0.122718 0.803983 -0.159421 0.559586
1403638593.627830 7.710098 -4.914220 1.752554 0.125770 0.802039 -0.159228 0.561749
1403638593.727829 7.769534 -4.929144 1.777877 0.127579 0.800135 -0.158910 0.564141
1403638593.827830 7.828888 -4.940099 1.799710 0.126402 0.793845 -0.160019 0.572910
1403638593.927830 7.882271 -4.941972 1.832019 0.120612 0.784560 -0.158007 0.587326
1403638594.027829 7.930887 -4.942471 1.862900 0.112756 0.786957 -0.155140 0.586444
1403638594.127830 7.972995 -4.940658 1.898652 0.107327 0.792858 -0.152049 0.580291
1403638594.227829 8.010161 -4.937592 1.935683 0.107260 0.797615 -0.146956 0.575073
1403638594.327830 8.044742 -4.932883 1.967562 0.107517 0.797792 -0.142677 0.575857
1403638594.427830 8.074367 -4.924853 2.003914 0.111897 0.796275 -0.136342 0.578650
1403638594.527829 8.101101 -4.912490 2.040381 0.110413 0.795931 -0.135137 0.579690
1403638594.627830 8.119029 -4.894807 2.088060 0.104693 0.796478 -0.137600 0.579420
1403638594.727829 8.136766 -4.876481 2.132244 0.100962 0.797053 -0.140557 0.578582
1403638594.827830 8.143759 -4.856077 2.175031 0.099472 0.797364 -0.142260 0.577994
1403638594.927830 8.153898 -4.835417 2.206247 0.099383 0.798222 -0.143267 0.576575
1403638595.027829 8.161798 -4.813674 2.231590 0.098748 0.799762 -0.144871 0.574145
1403638595.127830 8.160476 -4.789086 2.255545 0.098680 0.800658 -0.146043 0.572608
1403638595.227829 8.165418 -4.767561 2.267866 0.099485 0.801127 -0.146381 0.571727
1403638595.327830 8.169415 -4.745092 2.275898 0.099924 0.801217 -0.146635 0.571458
1403638595.427830 8.171551 -4.721992 2.278968 0.099584 0.801062 -0.147514 0.571508
1403638595.527829 8.171970 -4.698628 2.277312 0.099647 0.801640 -0.147526 0.570684
1403638595.627830 8.171554 -4.674820 2.276939 0.100276 0.802230 -0.146830 0.569924
1403638595.727829 8.162701 -4.647666 2.287989 0.104588 0.802654 -0.143858 0.569309
1403638595.827830 8.158859 -4.622875 2.293891 0.107386 0.803441 -0.142260 0.568078
1403638595.927830 8.155002 -4.596216 2.292037 0.108634 0.803174 -0.141726 0.568352
1403638596.027829 8.150842 -4.568033 2.277395 0.112651 0.802891 -0.139085 0.568622
1403638596.127830 8.146119 -4.536357 2.256588 0.122964 0.803883 -0.132206 0.566722
1403638596.227829 8.142035 -4.498493 2.239277 0.134890 0.805700 -0.123514 0.563379
1403638596.327830 8.137604 -4.450640 2.232804 0.145871 0.806665 -0.115368 0.560984
1403638596.427830 8.136303 -4.394713 2.231667 0.152566 0.806478 -0.109849 0.560580
1403638596.527829 8.137331 -4.327571 2.241714 0.159087 0.806177 -0.104220 0.560275
1403638596.627830 8.143704 -4.246692 2.257415 0.166362 0.806540 -0.098405 0.558689
1403638596.727829 8.154678 -4.149553 2.280409 0.172672 0.807063 -0.093516 0.556856
1403638596.827830 8.172372 -4.038332 2.313669 0.176710 0.806690 -0.090095 0.556694
1403638596.927830 8.190389 -3.907200 2.349136 0.179039 0.805631 -0.088173 0.557790
1403638597.027829 8.214643 -3.763835 2.385658 0.180629 0.804688 -0.088183 0.558636
1403638597.127830 8.241472 -3.604485 2.416370 0.183219 0.803096 -0.087252 0.560228
1403638597.227829 8.268220 -3.429003 2.439708 0.183532 0.800965 -0.088570 0.562962
1403638597.327830 8.299242 -3.234975 2.454939 0.179853 0.798943 -0.092325 0.566408
1403638597.427830 8.327029 -3.028385 2.467656 0.173543 0.796983 -0.097995 0.570174
1403638597.527829 8.359475 -2.806792 2.473472 0.161497 0.792658 -0.107119 0.578046
1403638597.627830 8.386193 -2.575225 2.478761 0.152124 0.789458 -0.114501 0.583527
1403638597.727829 8.411536 -2.336201 2.476348 0.151723 0.788626 -0.115114 0.584635
1403638597.827830 8.433757 -2.090619 2.468874 0.156997 0.790999 -0.105271 0.581886
1403638597.927830 8.451474 -1.835958 2.456416 0.161131 0.793377 -0.093883 0.579462
1403638598.027829 8.468327 -1.571102 2.444630 0.158811 0.794193 -0.087347 0.580006
1403638598.127830 8.485420 -1.294189 2.440111 0.143249 0.794770 -0.091287 0.582655
1403638598.227829 8.498387 -1.007409 2.441408 0.122402 0.795958 -0.100921 0.584194
1403638598.327830 8.508371 -0.718112 2.444809 0.108039 0.798630 -0.108200 0.582074
1403638598.427830 8.516352 -0.429961 2.442669 0.100946 0.800679 -0.111719 0.579864
1403638598.527829 8.522501 -0.143210 2.434562 0.097139 0.802304 -0.111558 0.578297
1403638598.627830 8.527542 0.141399 2.416841 0.092462 0.805429 -0.106457 0.575675
1403638598.727829 8.532477 0.423590 2.397923 0.086302 0.807039 -0.096149 0.576190
1403638598.827830 8.534944 0.703298 2.383289 0.077375 0.807917 -0.083433 0.578207
1403638598.927830 8.536093 0.980257 2.373496 0.068074 0.810130 -0.067818 0.578321
1403638599.027829 8.535646 1.254685 2.366841 0.055398 0.811632 -0.052103 0.579197
1403638599.127830 8.533894 1.527283 2.367153 0.044514 0.812473 -0.033905 0.580308
1403638599.227829 8.528640 1.799010 2.371666 0.033024 0.813653 -0.015379 0.580208
1403638599.327830 8.521848 2.066341 2.382514 0.019800 0.815338 0.002755 0.578640
1403638599.427830 8.512237 2.333077 2.400371 0.010547 0.817871 0.019237 0.574984
1403638599.527829 8.501585 2.597617 2.420238 0.003643 0.819825 0.030417 0.571794
1403638599.627830 8.490275 2.861939 2.433909 -0.002181 0.821368 0.035758 0.569273
1403638599.727829 8.476807 3.122375 2.440515 -0.004458 0.822510 0.039068 0.567390
1403638599.827830 8.468981 3.385803 2.434918 -0.005346 0.823144 0.038097 0.566529
1403638599.927830 8.462778 3.645689 2.427255 -0.008075 0.824453 0.034302 0.564833
1403638600.027829 8.457461 3.899921 2.417584 -0.013274 0.823991 0.027855 0.565762
1403638600.127830 8.458578 4.154595 2.399356 -0.021289 0.826241 0.018325 0.562616
1403638600.227829 8.462677 4.407008 2.379071 -0.032921 0.829265 0.006592 0.557846
1403638600.327830 8.469595 4.647398 2.354861 -0.041613 0.831149 -0.003024 0.554482
1403638600.427830 8.480092 4.876569 2.333980 -0.049337 0.832528 -0.011374 0.551664
1403638600.527829 8.495709 5.088936 2.322994 -0.050516 0.833299 -0.014175 0.550327
1403638600.627830 8.517980 5.291536 2.321419 -0.049960 0.834673 -0.015574 0.548254
1403638600.727829 8.544463 5.476719 2.327095 -0.050436 0.836867 -0.016724 0.544820
1403638600.827830 8.577410 5.648503 2.337940 -0.046798 0.840779 -0.013522 0.539183
1403638600.927830 8.617329 5.805641 2.352043 -0.031155 0.843729 -0.001024 0.535863
1403638601.027829 8.668711 5.952090 2.360644 -0.017712 0.844422 0.010176 0.535289
1403638601.127830 8.726612 6.087402 2.364430 -0.011314 0.843155 0.015980 0.537315
1403638601.227829 8.791652 6.223426 2.362886 -0.002748 0.840040 0.023265 0.542019
1403638601.327830 8.863245 6.360969 2.358801 0.003295 0.832533 0.029675 0.553171
1403638601.427830 8.938700 6.502860 2.354907 -0.007316 0.828105 0.032088 0.559607
1403638601.527829 9.015733 6.647345 2.357889 -0.019190 0.823695 0.041574 0.565182
1403638601.627830 9.093326 6.791559 2.367049 -0.030373 0.820003 0.058473 0.568554
1403638601.727829 9.170980 6.935332 2.382448 -0.042542 0.816960 0.081457 0.569325
1403638601.827830 9.246020 7.078389 2.406081 -0.056122 0.812025 0.109065 0.570587
1403638601.927830 9.318250 7.222138 2.436040 -0.070284 0.806894 0.136600 0.570371
1403638602.027829 9.387438 7.369081 2.460273 -0.083171 0.804071 0.156654 0.567461
1403638602.127830 9.452536 7.512965 2.484334 -0.091492 0.800683 0.172020 0.566520
1403638602.227829 9.514160 7.660167 2.499353 -0.097133 0.794016 0.188678 0.569653
1403638602.327830 9.569563 7.808180 2.511573 -0.110682 0.785054 0.204637 0.574076
1403638602.427830 9.617417 7.960554 2.528852 -0.143066 0.769096 0.212033 0.585718
1403638602.527829 9.657111 8.110059 2.555641 -0.179074 0.745390 0.216734 0.604444
1403638602.627830 9.684007 8.248365 2.589229 -0.208497 0.728243 0.224424 0.613045
1403638602.727829 9.696295 8.369593 2.626419 -0.223527 0.721668 0.241159 0.609157
1403638602.827830 9.692782 8.473249 2.669317 -0.231573 0.717454 0.262256 0.602375
1403638602.927830 9.675015 8.560731 2.715115 -0.245414 0.715449 0.280283 0.591055
1403638603.027829 9.646870 8.635207 2.760177 -0.266937 0.713795 0.293845 0.576971
1403638603.127830 9.614101 8.695601 2.801336 -0.283707 0.705721 0.307665 0.571673
1403638603.227829 9.574991 8.740816 2.832722 -0.288024 0.704772 0.323582 0.561812
1403638603.327830 9.531539 8.774091 2.853463 -0.281457 0.716349 0.340551 0.540047
1403638603.427830 9.483939 8.792824 2.865209 -0.275425 0.726937 0.351988 0.521352
1403638603.527829 9.440672 8.813722 2.877079 -0.273303 0.730463 0.357356 0.513835
1403638603.627830 9.396185 8.833818 2.884992 -0.277610 0.724481 0.359335 0.518593
1403638603.727829 9.350886 8.848884 2.886442 -0.274697 0.716089 0.363960 0.528480
1403638603.827830 9.302272 8.857919 2.880566 -0.268558 0.708062 0.369139 0.538759
1403638603.927830 9.246102 8.861438 2.866892 -0.261776 0.700786 0.373411 0.548577
1403638604.027829 9.183580 8.859934 2.846661 -0.256542 0.695639 0.375894 0.555856
1403638604.127830 9.109348 8.858031 2.826790 -0.252862 0.692639 0.377347 0.560286
1403638604.227829 9.027273 8.850953 2.814076 -0.255994 0.694045 0.375898 0.558094
1403638604.327830 8.933154 8.839260 2.809125 -0.262563 0.700610 0.372106 0.549312
1403638604.427830 8.831550 8.821486 2.809744 -0.264634 0.708766 0.371006 0.538492
1403638604.527829 8.725853 8.800582 2.818776 -0.261524 0.715991 0.373252 0.528815
1403638604.627830 8.617320 8.775998 2.827909 -0.260515 0.719065 0.374246 0.524422
1403638604.727829 8.507507 8.751495 2.830325 -0.264578 0.721744 0.371668 0.520525
1403638604.827830 8.397977 8.724053 2.829639 -0.267902 0.724057 0.369443 0.517186
1403638604.927830 8.290037 8.693977 2.830378 -0.266388 0.728088 0.370654 0.511411
1403638605.027829 8.184524 8.662966 2.835469 -0.263464 0.735161 0.372956 0.501028
1403638605.127830 8.081574 8.631045 2.849191 -0.260647 0.740423 0.375148 0.493053
1403638605.227829 7.984133 8.603155 2.869139 -0.257680 0.742168 0.377366 0.490288
1403638605.327830 7.891352 8.582833 2.886954 -0.252986 0.741055 0.380680 0.491852
1403638605.427830 7.801978 8.568752 2.900254 -0.246401 0.733307 0.385592 0.502858
1403638605.527829 7.711723 8.557659 2.906319 -0.240640 0.722985 0.389864 0.517099
1403638605.627830 7.618666 8.550784 2.905729 -0.234657 0.715449 0.394121 0.527008
1403638605.727829 7.519522 8.548326 2.903691 -0.231910 0.712118 0.396116 0.531224
1403638605.827830 7.411952 8.550637 2.909960 -0.230356 0.712670 0.396911 0.530565
1403638605.927830 7.300472 8.557414 2.926764 -0.227541 0.712044 0.398427 0.531483
1403638606.027829 7.182484 8.573265 2.944457 -0.223461 0.711345 0.400068 0.532916
1403638606.127830 7.057800 8.592439 2.959079 -0.220541 0.711400 0.400933 0.533408
1403638606.227829 6.924046 8.616572 2.964013 -0.217421 0.711539 0.402375 0.533417
1403638606.327830 6.784202 8.646014 2.964540 -0.218549 0.715535 0.400478 0.529021
1403638606.427830 6.638870 8.681319 2.954700 -0.225252 0.725881 0.394963 0.516104
1403638606.527829 6.489776 8.721092 2.939770 -0.233583 0.736544 0.388358 0.502116
1403638606.627830 6.341206 8.767166 2.920937 -0.238902 0.742598 0.387142 0.491523
1403638606.727829 6.198688 8.820439 2.896881 -0.242792 0.743870 0.393688 0.482410
1403638606.827830 6.057942 8.879598 2.870434 -0.249260 0.741080 0.404774 0.474160
1403638606.927830 5.922529 8.947654 2.845281 -0.258832 0.734768 0.418953 0.466476
1403638607.027829 5.794216 9.023930 2.826492 -0.272019 0.726230 0.433731 0.458773
1403638607.127830 5.674477 9.106959 2.817850 -0.288740 0.718462 0.443185 0.451695
1403638607.227829 5.561180 9.196330 2.815149 -0.303347 0.705661 0.449125 0.456409
1403638607.327830 5.454021 9.287542 2.807097 -0.316448 0.693804 0.450952 0.463831
1403638607.427830 5.348573 9.381064 2.789998 -0.325740 0.687219 0.451388 0.466768
1403638607.527829 5.248115 9.471956 2.764038 -0.330032 0.686285 0.451907 0.464621
1403638607.627830 5.153446 9.559541 2.733200 -0.331231 0.685001 0.453099 0.464500
1403638607.727829 5.065024 9.645883 2.700332 -0.330971 0.682626 0.453402 0.467875
1403638607.827830 4.982266 9.731259 2.663103 -0.330216 0.683288 0.453057 0.467776
1403638607.927830 4.901292 9.814666 2.621945 -0.332403 0.687614 0.449742 0.463063
1403638608.027829 4.827351 9.895107 2.577188 -0.334624 0.689403 0.446136 0.462291
1403638608.127830 4.758465 9.975878 2.527560 -0.333107 0.686838 0.445084 0.468182
1403638608.227829 4.695196 10.051791 2.473600 -0.329737 0.682853 0.445578 0.475864
1403638608.327830 4.633723 10.122735 2.415619 -0.329902 0.677910 0.443942 0.484271
1403638608.427830 4.573085 10.190786 2.352941 -0.330535 0.674377 0.443080 0.489532
1403638608.527829 4.513357 10.253805 2.284072 -0.328845 0.676247 0.443799 0.487436
1403638608.627830 4.452628 10.314530 2.212570 -0.330964 0.675548 0.441393 0.489152
1403638608.727829 4.393759 10.368180 2.146028 -0.334925 0.672815 0.439098 0.492278
1403638608.827830 4.335447 10.413251 2.083649 -0.333223 0.675494 0.440542 0.488460
1403638608.927830 4.278470 10.454815 2.027965 -0.331457 0.679391 0.441960 0.482944
1403638609.027829 4.222244 10.490778 1.978369 -0.331560 0.683077 0.442216 0.477408
1403638609.127830 4.168256 10.524261 1.936198 -0.330401 0.684577 0.442948 0.475381
1403638609.227829 4.117619 10.553354 1.898183 -0.337222 0.684680 0.438112 0.474923
1403638609.327830 4.070103 10.576119 1.856587 -0.341055 0.685159 0.435108 0.474257
1403638609.427830 4.027612 10.597314 1.806701 -0.337960 0.685060 0.437080 0.474803
1403638609.527829 3.986744 10.612609 1.750777 -0.334235 0.685105 0.439220 0.475399
1403638609.627830 3.948825 10.629858 1.688340 -0.332235 0.685122 0.440143 0.475922
1403638609.727829 3.912988 10.639911 1.622026 -0.329248 0.683916 0.442296 0.477734
1403638609.827830 3.879199 10.655027 1.558704 -0.329607 0.684952 0.442047 0.476230
1403638609.927830 3.849822 10.660855 1.505382 -0.329844 0.684551 0.441815 0.476858
1403638610.027829 3.825983 10.666516 1.459860 -0.332253 0.683405 0.440199 0.478320
1403638610.127830 3.802022 10.667271 1.421790 -0.335425 0.680613 0.437867 0.482213
1403638610.227829 3.779954 10.663961 1.383205 -0.336814 0.677870 0.436825 0.486037
1403638610.327830 3.758998 10.656034 1.338472 -0.338052 0.677017 0.435577 0.487485
1403638610.427830 3.739078 10.643154 1.287531 -0.339312 0.676703 0.434369 0.488122
1403638610.527829 3.721773 10.626652 1.231794 -0.339035 0.673740 0.434184 0.492558
1403638610.627830 3.702586 10.600885 1.174116 -0.344742 0.666665 0.430033 0.501779
1403638610.727829 3.681997 10.566714 1.117045 -0.344965 0.667355 0.430317 0.500463
1403638610.827830 3.659873 10.526216 1.063876 -0.341568 0.674606 0.433864 0.489898
1403638610.927830 3.641301 10.480927 1.021523 -0.339855 0.677508 0.436470 0.484743
1403638611.027829 3.624948 10.432519 0.981395 -0.342611 0.676506 0.434650 0.485836
1403638611.127830 3.607724 10.380365 0.935539 -0.345118 0.673884 0.433547 0.488683
1403638611.227829 3.592156 10.319491 0.886947 -0.344920 0.673312 0.434488 0.488775
1403638611.327830 3.577460 10.251439 0.841864 -0.342226 0.672604 0.436821 0.489563
1403638611.427830 3.562810 10.176465 0.803426 -0.331655 0.667837 0.443844 0.496992
1403638611.527829 3.544110 10.099676 0.770422 -0.320975 0.664836 0.450687 0.501846
1403638611.627830 3.519377 10.019698 0.741491 -0.315707 0.666690 0.453250 0.500417
1403638611.727829 3.492362 9.936792 0.717585 -0.317553 0.670910 0.451512 0.495152
1403638611.827830 3.463773 9.852444 0.689626 -0.323848 0.676863 0.446582 0.487384
1403638611.927830 3.434719 9.768676 0.657582 -0.327414 0.681723 0.443152 0.481321
1403638612.027829 3.407173 9.683958 0.625348 -0.329052 0.684478 0.441524 0.477778
1403638612.127830 3.381001 9.599928 0.596300 -0.330422 0.686396 0.439956 0.475521
1403638612.227829 3.357915 9.516158 0.576904 -0.329605 0.686986 0.440061 0.475140
1403638612.327830 3.337571 9.432551 0.562201 -0.329057 0.686630 0.440335 0.475780
1403638612.427830 3.319714 9.348028 0.550501 -0.328274 0.685644 0.440040 0.478009
1403638612.527829 3.302989 9.262813 0.532663 -0.326324 0.683637 0.439909 0.482320
1403638612.627830 3.288017 9.177099 0.508941 -0.321600 0.681934 0.441746 0.486210
1403638612.727829 3.266786 9.088120 0.474922 -0.317375 0.680182 0.442697 0.490556
1403638612.827830 3.248070 9.002418 0.440197 -0.316436 0.679291 0.441047 0.493873
1403638612.927830 3.222929 8.912640 0.405043 -0.317402 0.678942 0.438517 0.495979
1403638613.027829 3.198584 8.825759 0.378751 -0.317207 0.681439 0.437563 0.493517
1403638613.127830 3.169772 8.737080 0.359875 -0.317380 0.682992 0.436668 0.492050
1403638613.227829 3.141970 8.647563 0.348858 -0.317335 0.684725 0.436396 0.489906
1403638613.327830 3.109993 8.555662 0.344718 -0.316318 0.685279 0.436893 0.489347
1403638613.427830 3.079390 8.466966 0.343163 -0.315618 0.684600 0.437347 0.490341
1403638613.527829 3.045630 8.373824 0.337558 -0.316798 0.684535 0.433860 0.492763
1403638613.627830 3.013895 8.286316 0.325787 -0.318675 0.686264 0.427706 0.494526
1403638613.727829 2.980206 8.197517 0.307306 -0.322687 0.685461 0.420991 0.498783
1403638613.827830 2.944183 8.102142 0.280763 -0.322609 0.686069 0.413640 0.504118
1403638613.927830 2.910763 8.006492 0.248376 -0.317362 0.690497 0.404856 0.508514
1403638614.027829 2.876057 7.905709 0.212193 -0.306890 0.697793 0.394332 0.513230
1403638614.127830 2.841058 7.799018 0.172756 -0.294047 0.707534 0.381536 0.517071
1403638614.227829 2.804658 7.687093 0.136716 -0.280617 0.717774 0.368395 0.519941
1403638614.327830 2.765386 7.571364 0.105104 -0.270829 0.725898 0.357257 0.521623
1403638614.427830 2.726992 7.460616 0.080191 -0.265655 0.731923 0.347660 0.522349
1403638614.527829 2.683301 7.342460 0.067237 -0.262654 0.736582 0.339537 0.522661
1403638614.627830 2.642130 7.227709 0.060088 -0.259097 0.741325 0.329528 0.524135
1403638614.727829 2.605158 7.116696 0.064523 -0.256606 0.749201 0.315382 0.522863
1403638614.827830 2.571041 7.003605 0.079424 -0.251353 0.760267 0.298518 0.519328
1403638614.927830 2.540707 6.886320 0.101885 -0.240633 0.770998 0.281052 0.518332
1403638615.027829 2.518574 6.770278 0.130390 -0.226122 0.780478 0.260549 0.521380
1403638615.127830 2.502361 6.649520 0.162829 -0.205783 0.787341 0.239338 0.529589
1403638615.227829 2.492733 6.527567 0.201471 -0.181827 0.789798 0.218398 0.543562
1403638615.327830 2.484974 6.404404 0.239839 -0.159928 0.793298 0.194353 0.554371
1403638615.427830 2.478164 6.282847 0.273122 -0.139316 0.797262 0.168507 0.562645
1403638615.527829 2.471494 6.162616 0.299577 -0.119858 0.801702 0.143130 0.567822
1403638615.627830 2.462977 6.043026 0.319118 -0.104707 0.804577 0.122103 0.571649
1403638615.727829 2.453246 5.924544 0.338257 -0.094640 0.806717 0.107325 0.573352
1403638615.827830 2.442642 5.807421 0.366314 -0.087854 0.808172 0.096455 0.574314
1403638615.927830 2.430050 5.690458 0.398445 -0.082676 0.809437 0.083831 0.575281
1403638616.027829 2.416839 5.572913 0.424926 -0.074559 0.811289 0.071984 0.575387
1403638616.127830 2.403441 5.457104 0.441518 -0.064768 0.812489 0.059370 0.576318
1403638616.227829 2.388104 5.339885 0.442030 -0.054987 0.814247 0.042964 0.576309
1403638616.327830 2.370895 5.218947 0.426395 -0.042562 0.815556 0.023968 0.576613
1403638616.427830 2.353622 5.097780 0.399308 -0.029644 0.816563 0.005039 0.576473
1403638616.527829 2.336033 4.976351 0.367285 -0.020156 0.817656 -0.010541 0.575258
1403638616.627830 2.318207 4.855118 0.332093 -0.012190 0.820789 -0.021443 0.570699
1403638616.727829 2.301485 4.734090 0.293427 -0.010275 0.828147 -0.030947 0.559562
1403638616.827830 2.289672 4.612793 0.251458 -0.014795 0.835896 -0.039976 0.547231
1403638616.927830 2.284531 4.489499 0.213510 -0.015039 0.838039 -0.042753 0.543724
1403638617.027829 2.286408 4.361964 0.186211 -0.008075 0.834715 -0.037979 0.549311
1403638617.127830 2.295471 4.233243 0.167251 -0.001176 0.830747 -0.031263 0.555771
1403638617.227829 2.308138 4.103118 0.155080 0.002270 0.830482 -0.025611 0.556451
1403638617.327830 2.324305 3.975697 0.149771 0.001713 0.833657 -0.022708 0.551813
1403638617.427830 2.344803 3.846627 0.146048 0.002398 0.837715 -0.018937 0.545774
1403638617.527829 2.370268 3.722842 0.153399 0.002273 0.839414 -0.015677 0.543261
1403638617.627830 2.402372 3.600318 0.169197 0.002205 0.838909 -0.012899 0.544115
1403638617.727829 2.442725 3.481645 0.194456 0.003859 0.837119 -0.008712 0.546938
1403638617.827830 2.487239 3.367752 0.226209 0.004118 0.836946 -0.006063 0.547237
1403638617.927830 2.536124 3.260010 0.265768 0.002645 0.835744 -0.005084 0.549089
1403638618.027829 2.590410 3.153927 0.303656 0.001596 0.835257 -0.003942 0.549843
1403638618.127830 2.647866 3.051420 0.335625 -0.000411 0.835353 -0.003525 0.549702
1403638618.227829 2.710739 2.951237 0.360534 -0.000964 0.835095 -0.002389 0.550100
1403638618.327830 2.774231 2.854317 0.381591 -0.000622 0.834378 -0.000931 0.551192
1403638618.427830 2.842780 2.759871 0.398034 -0.000799 0.834259 0.000114 0.551372
1403638618.527829 2.913972 2.670388 0.414219 -0.001372 0.833699 0.001237 0.552216
1403638618.627830 2.989187 2.582063 0.426887 0.001311 0.833384 -0.000660 0.552693
1403638618.727829 3.067610 2.494658 0.439551 0.005335 0.833145 -0.002862 0.553021
1403638618.827830 3.148917 2.416472 0.461843 0.006792 0.832076 -0.006840 0.554579
1403638618.927830 3.233842 2.339457 0.487037 0.011566 0.829518 -0.012166 0.558227
1403638619.027829 3.322358 2.264818 0.507804 0.020178 0.825308 -0.023536 0.563831
1403638619.127830 3.410080 2.190022 0.519014 0.033995 0.821969 -0.039410 0.567149
1403638619.227829 3.499499 2.123324 0.525675 0.047876 0.818778 -0.061260 0.568821
1403638619.327830 3.588068 2.056402 0.523448 0.063369 0.815588 -0.086213 0.568655
1403638619.427830 3.674643 1.992629 0.513741 0.076667 0.811399 -0.109699 0.568965
1403638619.527829 3.760811 1.932072 0.498565 0.084863 0.807703 -0.128109 0.569212
1403638619.627830 3.846717 1.874112 0.488996 0.087742 0.804978 -0.143715 0.568910
1403638619.727829 3.930903 1.816116 0.472659 0.082230 0.802534 -0.158627 0.569223
1403638619.827830 4.012287 1.755950 0.454822 0.079858 0.799844 -0.167632 0.570764
1403638619.927830 4.089204 1.692839 0.435271 0.080354 0.798354 -0.172661 0.571281
1403638620.027829 4.163027 1.627645 0.411700 0.083002 0.797162 -0.174670 0.571956
1403638620.127830 4.230583 1.557569 0.395244 0.086338 0.794356 -0.174790 0.575319
1403638620.227829 4.293371 1.485962 0.383605 0.089080 0.792116 -0.174297 0.578132
1403638620.327830 4.347403 1.411640 0.381493 0.093141 0.793722 -0.171780 0.576040
1403638620.427830 4.395396 1.337052 0.384637 0.094465 0.794799 -0.170048 0.574852
1403638620.527829 4.437369 1.261267 0.392161 0.095120 0.796008 -0.167874 0.573708
1403638620.627830 4.479105 1.184140 0.394760 0.093244 0.798173 -0.167092 0.571232
1403638620.727829 4.516816 1.106774 0.391341 0.089486 0.801363 -0.167701 0.567174
1403638620.827830 4.547858 1.029595 0.383473 0.088273 0.804341 -0.166224 0.563572
1403638620.927830 4.581287 0.949733 0.371838 0.093299 0.806123 -0.160201 0.561957
1403638621.027829 4.613887 0.870353 0.356861 0.097997 0.805235 -0.154385 0.564055
1403638621.127830 4.641556 0.792218 0.342597 0.098585 0.804017 -0.151427 0.566487
1403638621.227829 4.671992 0.714746 0.336916 0.098209 0.802433 -0.149083 0.569412
1403638621.327830 4.701512 0.638489 0.337272 0.099714 0.802864 -0.146085 0.569321
1403638621.427830 4.729919 0.564920 0.337000 0.099584 0.801635 -0.144036 0.571592
1403638621.527829 4.751686 0.497933 0.332325 0.100484 0.799579 -0.141545 0.574927
1403638621.627830 4.775737 0.431753 0.321389 0.100335 0.797881 -0.140195 0.577637
1403638621.727829 4.791576 0.373764 0.306211 0.100603 0.797025 -0.139051 0.579047
1403638621.827830 4.808900 0.314385 0.286944 0.102007 0.794692 -0.137531 0.582361
1403638621.927830 4.820715 0.260231 0.265246 0.103402 0.791224 -0.136044 0.587166
1403638622.027829 4.828293 0.212641 0.239725 0.102665 0.789722 -0.136057 0.589312
1403638622.127830 4.829813 0.170585 0.211451 0.100166 0.790372 -0.138284 0.588350
1403638622.227829 4.826942 0.130480 0.182802 0.097851 0.790710 -0.140056 0.587867
1403638622.327830 4.819410 0.092185 0.160119 0.095645 0.790710 -0.142091 0.587741
1403638622.427830 4.803489 0.061259 0.147407 0.098249 0.791573 -0.141431 0.586307
1403638622.527829 4.783757 0.028333 0.141133 0.101206 0.791586 -0.140298 0.586059
1403638622.627830 4.760815 -0.001899 0.141755 0.106174 0.790004 -0.137832 0.587898
1403638622.727829 4.730853 -0.021629 0.156552 0.109376 0.782011 -0.136306 0.598261
1403638622.827830 4.698121 -0.042965 0.174642 0.111113 0.772357 -0.136026 0.610422
1403638622.927830 4.658789 -0.054147 0.196915 0.110791 0.772485 -0.137178 0.610061
1403638623.027829 4.609544 -0.062070 0.213638 0.108347 0.778717 -0.140030 0.601874
1403638623.127830 4.551276 -0.066456 0.223591 0.104497 0.784490 -0.143551 0.594179
1403638623.227829 4.485871 -0.065034 0.229288 0.100625 0.787606 -0.146391 0.590017
1403638623.327830 4.415451 -0.063484 0.229425 0.098268 0.791094 -0.148177 0.585285
1403638623.427830 4.342562 -0.063675 0.225116 0.098453 0.793850 -0.148236 0.581494
1403638623.527829 4.266381 -0.062264 0.220130 0.097132 0.794404 -0.149042 0.580753
1403638623.627830 4.187241 -0.060724 0.220303 0.099958 0.793789 -0.147789 0.581434
1403638623.727829 4.104038 -0.058309 0.227035 0.101713 0.794484 -0.147442 0.580268
1403638623.827830 4.016579 -0.054037 0.239445 0.103422 0.795332 -0.147160 0.578874
1403638623.927830 3.925287 -0.048103 0.255862 0.105076 0.797068 -0.147807 0.576017
1403638624.027829 3.831500 -0.041798 0.266895 0.105285 0.797760 -0.148982 0.574716
1403638624.127830 3.736847 -0.032744 0.273251 0.103097 0.798259 -0.151872 0.573662
1403638624.227829 3.642564 -0.024003 0.276445 0.100634 0.798267 -0.154819 0.573300
1403638624.327830 3.545008 -0.014224 0.273107 0.099565 0.797557 -0.156831 0.573929
1403638624.427830 3.448177 -0.005012 0.266082 0.099516 0.797324 -0.158171 0.573893
1403638624.527829 3.353180 0.001519 0.258578 0.098342 0.794263 -0.160555 0.577665
1403638624.627830 3.252460 0.009038 0.243566 0.095630 0.784596 -0.163151 0.590462
1403638624.727829 3.148416 0.015626 0.228845 0.099978 0.786966 -0.156347 0.588426
1403638624.827830 3.046995 0.021352 0.224006 0.103211 0.793881 -0.146640 0.581031
1403638624.927830 2.936303 0.032280 0.224506 0.100602 0.798270 -0.141166 0.576816
1403638625.027829 2.831003 0.040586 0.231033 0.093309 0.799847 -0.139421 0.576281
1403638625.127830 2.723086 0.049911 0.234088 0.085078 0.800928 -0.139972 0.575920
1403638625.227829 2.615005 0.060604 0.231833 0.080980 0.802068 -0.139113 0.575131
1403638625.327830 2.514459 0.066404 0.228629 0.079669 0.802441 -0.137639 0.575149
1403638625.427830 2.405820 0.073952 0.225310 0.079176 0.802266 -0.136439 0.575747
1403638625.527829 2.296430 0.079898 0.228863 0.079121 0.802071 -0.135956 0.576140
1403638625.627830 2.188340 0.080774 0.240124 0.079646 0.803574 -0.135673 0.574037
1403638625.727829 2.083533 0.083909 0.256490 0.078576 0.806524 -0.136410 0.569857
1403638625.827830 1.977098 0.086177 0.269620 0.077934 0.810880 -0.137370 0.563498
1403638625.927830 1.872883 0.084405 0.280656 0.079143 0.811892 -0.137093 0.561937
1403638626.027829 1.770656 0.082005 0.285282 0.079098 0.812651 -0.138122 0.560592
1403638626.127830 1.670219 0.078051 0.283956 0.077391 0.813095 -0.140014 0.559717
1403638626.227829 1.571869 0.072253 0.277971 0.078947 0.812949 -0.139381 0.559869
1403638626.327830 1.478813 0.064791 0.267178 0.085271 0.810987 -0.135525 0.562728
1403638626.427830 1.388448 0.058043 0.254882 0.090865 0.808782 -0.131444 0.565983
1403638626.527829 1.297709 0.052288 0.238403 0.092307 0.810059 -0.130027 0.564249
1403638626.627830 1.206678 0.048966 0.220875 0.091155 0.812135 -0.130752 0.561277
1403638626.727829 1.120389 0.045314 0.207711 0.089486 0.814971 -0.131441 0.557259
1403638626.827830 1.040341 0.041845 0.201107 0.087824 0.818225 -0.132355 0.552519
1403638626.927830 0.961530 0.038835 0.200138 0.087866 0.820434 -0.131814 0.549356
1403638627.027829 0.884245 0.035177 0.202175 0.087179 0.820471 -0.131590 0.549464
1403638627.127830 0.819022 0.031173 0.202592 0.086414 0.820260 -0.131419 0.549941
1403638627.227829 0.758237 0.026005 0.198010 0.085776 0.820153 -0.131207 0.550251
1403638627.327830 0.702826 0.021287 0.190257 0.088390 0.820149 -0.128933 0.550381
1403638627.427830 0.652623 0.016507 0.176073 0.089555 0.820052 -0.127891 0.550580
1403638627.527829 0.607696 0.011883 0.164525 0.089238 0.819724 -0.128179 0.551052
1403638627.627830 0.569675 0.008254 0.150834 0.092451 0.817669 -0.126704 0.553910
1403638627.727829 0.539156 0.005221 0.135890 0.093299 0.814634 -0.126522 0.558264
1403638627.827830 0.517399 0.008147 0.113844 0.094628 0.813322 -0.126343 0.559991
1403638627.927830 0.489764 0.008484 0.097870 0.095449 0.814482 -0.126294 0.558174
1403638628.027829 0.463821 0.009384 0.082747 0.096667 0.816059 -0.126187 0.555680
1403638628.127830 0.439753 0.012479 0.069557 0.097251 0.817029 -0.126695 0.554034
1403638628.227829 0.419744 0.017664 0.057428 0.097630 0.817156 -0.127414 0.553616
1403638628.327830 0.403265 0.024646 0.048066 0.097264 0.817837 -0.128539 0.552413
1403638628.427830 0.390832 0.033512 0.041673 0.094752 0.817446 -0.130612 0.552942
1403638628.527829 0.391576 0.043922 0.033170 0.086325 0.811786 -0.137032 0.561047
1403638628.627830 0.387213 0.052099 0.032293 0.079889 0.805062 -0.141845 0.570414
1403638628.727829 0.401034 0.063816 0.035456 0.077639 0.804771 -0.143697 0.570673
1403638628.827830 0.401569 0.063804 0.029350 0.081150 0.806241 -0.141589 0.568632
1403638628.927830 0.393786 0.066047 0.018547 0.085555 0.806278 -0.139176 0.568529
1403638629.027829 0.382586 0.069080 0.007375 0.090580 0.807211 -0.135729 0.567260
1403638629.127830 0.371297 0.072023 -0.001428 0.094069 0.808459 -0.132973 0.565565
1403638629.227829 0.363423 0.072536 -0.008062 0.095737 0.809453 -0.131353 0.564240
1403638629.327830 0.354796 0.077387 -0.011368 0.097048 0.810251 -0.130727 0.563014
1403638629.427830 0.347227 0.084281 -0.013626 0.096767 0.814309 -0.131512 0.556993
1403638629.527829 0.343742 0.092053 -0.014591 0.094105 0.818966 -0.134080 0.549965
1403638629.627830 0.346069 0.098744 -0.014102 0.086990 0.819338 -0.139462 0.549243
1403638629.727829 0.351437 0.104271 -0.011789 0.076750 0.815409 -0.147202 0.554571
1403638629.827830 0.358016 0.107229 -0.009120 0.072759 0.809435 -0.150556 0.562898
1403638629.927830 0.364329 0.105636 -0.013173 0.077713 0.803256 -0.147912 0.571718
1403638630.027829 0.367426 0.103540 -0.025913 0.088596 0.797290 -0.140818 0.580215
1403638630.127830 0.368046 0.099898 -0.049976 0.095148 0.797604 -0.136123 0.579866
1403638630.227829 0.365942 0.099532 -0.081548 0.097891 0.801663 -0.134017 0.574276
1403638630.327830 0.361113 0.099477 -0.118844 0.100386 0.808285 -0.133430 0.564619
1403638630.427830 0.368630 0.103714 -0.120765 0.085824 0.814581 -0.139783 0.556374
1403638630.527829 0.378866 0.105506 -0.112682 0.094711 0.804909 -0.132625 0.570580
1403638630.627830 0.387763 0.108099 -0.124614 0.095501 0.804108 -0.133029 0.571483
1403638630.727829 0.391666 0.106348 -0.141626 0.086483 0.830215 -0.125820 0.536127
1403638630.827830 0.382174 0.102852 -0.146611 0.090791 0.827695 -0.127800 0.538837
1403638630.927830 0.374795 0.104368 -0.151758 0.089825 0.828511 -0.125994 0.538170
1403638631.027829 0.367659 0.105350 -0.154890 0.089312 0.828757 -0.126251 0.537817
1403638631.127830 0.359542 0.106513 -0.159168 0.088887 0.828797 -0.126610 0.537741
1403638631.227829 0.350652 0.107659 -0.163434 0.089071 0.828804 -0.126488 0.537728
1403638631.327830 0.342206 0.108732 -0.167341 0.089075 0.828697 -0.126559 0.537876
1403638631.427830 0.333209 0.109838 -0.171216 0.089289 0.828711 -0.126401 0.537855
1403638631.527829 0.324214 0.110793 -0.174716 0.089314 0.828806 -0.126507 0.537679
1403638631.627830 0.315145 0.111696 -0.178115 0.089546 0.828881 -0.126355 0.537561
